100 100
5.634 5.286 3.106 3.318 3.814 6.281 0.450 2.129 9.103 4.069 4.820 3.684 0.299 1.293 4.386 1.464 7.986 6.710 1.611 6.110 6.912 1.553 3.528 0.474 7.427 5.633 0.985 4.153 2.464 6.550 0.619 2.910 2.185 6.112 7.338 8.675 3.148 0.396 3.032 2.677 2.696 3.731 9.388 7.638 2.062 2.368 8.768 4.973 3.665 0.549 7.360 9.420 9.029 0.310 9.035 6.676 3.818 6.423 6.717 9.226 5.575 9.614 0.428 1.798 7.959 4.432 7.658 0.663 2.465 2.945 2.197 0.321 4.957 1.841 2.169 7.051 9.673 8.431 6.639 1.250 7.795 0.561 2.871 9.536 1.170 6.505 3.091 3.180 4.310 3.540 0.421 1.579 9.406 8.084 8.559 8.225 9.774 6.039 8.736 1.891 
6.886 9.296 0.473 7.603 4.928 3.229 9.786 0.386 4.705 0.444 9.581 9.720 5.615 8.067 2.221 4.214 0.429 9.395 3.498 4.051 2.633 5.882 0.581 3.459 0.216 2.106 3.897 6.662 2.965 4.628 4.360 8.553 2.546 5.461 2.880 5.672 5.982 2.240 8.672 3.996 3.448 0.136 6.506 7.492 0.789 5.048 0.776 5.443 5.606 3.672 6.002 7.145 3.318 3.685 9.228 9.718 6.235 6.453 9.668 8.508 4.322 5.441 4.905 9.850 1.096 5.799 0.963 2.774 1.885 4.504 5.666 9.681 4.536 5.842 0.807 5.969 4.596 4.039 8.911 5.117 7.952 3.413 4.580 8.844 4.010 6.538 8.786 1.610 1.536 2.603 6.851 4.950 7.533 1.404 7.301 9.916 6.702 3.221 9.325 5.235 
5.362 1.202 1.112 4.726 9.077 0.827 0.025 9.962 7.616 0.521 8.231 3.214 4.426 8.540 4.217 1.292 0.280 3.904 1.417 3.092 2.412 3.316 0.085 2.326 1.120 1.776 7.508 2.239 5.550 1.897 4.656 0.952 9.164 5.832 4.452 4.459 3.271 4.119 8.001 9.301 3.922 7.814 0.292 8.464 3.443 3.772 6.197 2.133 2.946 8.135 0.867 9.624 6.257 9.719 6.079 9.983 8.879 3.285 5.485 6.586 7.849 2.460 7.275 5.377 9.627 3.479 2.323 7.296 3.549 3.838 9.536 2.944 7.772 4.468 7.822 1.527 3.129 0.081 5.877 6.748 7.881 9.991 6.811 9.465 2.941 0.884 4.517 0.644 2.824 3.778 2.656 8.428 2.329 9.711 5.153 10.000 2.739 2.582 9.152 2.288 
4.190 3.027 7.552 5.590 2.791 4.159 8.439 0.666 2.069 8.648 2.979 2.987 8.331 6.657 1.702 7.473 8.686 5.907 1.470 3.263 8.618 8.357 1.891 0.863 3.247 2.821 0.456 3.342 2.708 9.203 0.250 9.174 7.451 7.979 2.745 6.791 3.668 8.077 0.877 9.919 2.566 7.316 4.368 8.409 9.729 2.261 0.111 1.402 2.444 8.488 5.301 8.392 3.521 8.024 9.967 9.038 9.884 8.044 8.570 4.435 3.020 3.788 7.411 0.928 6.198 9.074 5.747 2.563 0.342 9.822 3.701 9.774 6.383 9.545 9.336 0.018 7.006 0.890 0.577 0.707 4.773 4.015 5.074 6.037 6.823 0.824 2.543 7.076 8.554 3.915 9.640 8.814 0.008 0.446 7.008 8.805 9.028 4.101 1.783 9.494 
4.690 2.796 6.532 0.345 3.006 5.871 7.388 6.500 4.413 2.111 9.953 7.834 9.215 9.139 1.465 6.024 2.787 5.489 1.631 7.498 7.099 8.955 2.598 6.998 8.915 8.705 0.583 9.895 7.896 4.092 7.829 1.361 9.722 0.094 3.765 7.041 0.387 7.857 8.519 2.955 7.827 8.983 0.249 2.026 6.173 3.855 0.166 0.858 6.090 7.577 5.564 3.147 1.894 1.883 1.701 5.480 2.459 7.786 7.949 7.167 8.246 1.654 2.270 8.238 1.263 6.899 0.790 8.745 8.200 4.549 6.005 8.139 9.571 8.580 7.979 5.619 9.287 6.087 7.795 1.085 9.755 8.117 1.471 1.612 7.351 4.312 5.563 0.212 1.895 3.371 2.784 2.023 1.634 1.794 7.061 8.107 2.149 5.372 2.716 8.483 
3.592 1.432 1.681 4.198 5.726 5.008 6.007 2.840 4.311 8.761 0.305 3.150 5.600 4.751 0.243 2.152 7.917 5.962 8.687 2.590 0.584 6.867 0.725 9.342 0.857 5.254 2.380 0.970 8.911 2.046 5.585 6.601 9.437 1.884 3.725 8.901 5.947 4.918 7.891 1.107 0.491 9.391 3.892 9.765 7.171 5.377 4.007 5.119 2.578 2.360 5.497 7.945 0.054 7.175 9.964 5.030 7.580 4.339 3.791 5.463 0.970 7.719 0.101 6.440 5.085 1.132 6.942 0.383 5.776 5.529 4.733 4.828 4.441 2.154 8.401 2.766 5.184 4.291 6.096 3.883 1.861 5.045 6.874 6.522 8.564 4.960 4.345 6.070 2.459 1.244 1.899 7.961 2.323 9.846 7.844 2.505 9.615 2.707 5.548 4.375 
1.458 5.142 4.519 1.700 6.522 2.474 3.238 8.474 5.462 0.830 3.519 9.256 7.336 4.279 9.188 6.974 2.173 9.415 8.960 3.073 7.777 8.892 4.512 4.195 5.731 7.431 9.994 1.144 7.587 7.399 8.451 3.946 7.253 6.159 3.968 1.505 9.714 4.102 5.774 5.556 9.379 0.513 1.931 6.413 3.617 4.243 5.833 2.344 8.298 7.531 8.243 5.320 2.560 4.256 1.292 3.363 9.412 8.421 8.550 3.718 7.295 4.711 7.035 1.734 5.254 0.601 2.879 7.414 0.999 8.691 2.256 5.391 6.795 8.686 3.107 4.320 2.864 0.752 1.256 8.549 1.783 5.862 6.566 8.319 0.212 4.192 0.924 4.736 6.230 9.597 0.053 2.278 1.517 6.816 5.445 4.686 7.697 8.125 0.974 9.781 
5.234 7.885 1.217 4.925 1.498 6.665 4.907 7.655 1.788 1.450 7.493 5.373 3.462 4.797 1.338 3.846 8.638 3.771 0.762 6.778 5.381 8.967 1.805 7.734 0.770 5.010 3.369 1.292 1.779 6.541 7.242 2.445 1.530 7.889 9.377 2.037 9.142 0.374 3.755 1.233 1.148 8.523 3.203 9.950 1.225 5.322 8.594 2.501 2.872 7.108 8.999 8.747 6.587 0.660 0.588 0.536 9.058 8.668 1.318 1.323 6.973 4.831 1.792 1.527 2.126 6.557 0.061 3.397 7.688 1.493 9.600 6.929 7.757 3.901 5.200 2.746 3.579 8.293 1.097 8.751 0.207 0.688 9.315 4.817 6.782 2.316 3.890 3.842 2.126 6.701 8.417 8.067 4.839 8.664 0.190 6.729 3.770 2.968 4.097 4.832 
0.341 1.098 3.395 3.102 8.980 6.962 2.486 6.054 5.716 6.199 8.931 8.483 7.813 9.205 8.042 0.680 9.304 4.982 3.619 9.192 8.212 1.507 2.679 3.065 1.340 8.416 0.311 5.135 1.594 9.508 3.234 4.181 0.992 5.803 7.061 6.519 9.742 4.739 2.783 4.972 8.075 7.433 2.598 9.052 2.877 3.881 3.819 2.664 5.582 5.500 2.331 4.687 1.300 5.429 3.795 3.347 1.658 9.689 1.681 7.504 5.490 6.448 6.043 6.660 2.158 6.403 5.965 6.780 2.023 4.626 1.571 0.897 7.409 3.057 8.610 1.825 5.216 3.307 9.752 9.341 9.327 1.405 1.942 5.656 6.870 9.711 8.414 1.169 7.507 6.325 7.325 7.079 8.989 9.026 6.328 2.725 5.416 9.018 3.884 3.241 
6.865 9.578 3.615 7.503 0.345 6.072 7.590 7.239 2.417 6.763 8.072 5.638 3.222 8.313 4.959 7.836 0.151 5.949 7.928 6.248 6.946 5.922 8.112 0.874 0.634 7.026 4.034 8.430 4.350 8.735 0.478 4.435 8.872 5.822 7.002 9.235 9.454 3.183 4.865 2.340 7.454 0.057 7.290 9.451 8.110 9.815 8.190 3.041 6.871 0.051 8.752 0.502 6.697 7.860 9.601 3.482 7.863 6.860 8.656 8.288 9.986 5.750 1.263 0.001 3.211 3.059 9.674 2.290 1.813 9.069 3.561 0.841 8.820 3.849 1.859 0.754 4.683 9.872 8.973 7.339 6.513 8.688 5.111 5.282 6.956 3.811 1.383 3.370 3.383 6.144 5.145 0.638 8.731 4.008 0.078 5.104 5.117 7.171 8.460 8.108 
0.067 3.149 0.199 5.661 3.153 4.483 4.333 3.212 7.674 7.704 3.893 1.723 8.063 8.251 4.323 1.108 8.711 0.756 8.934 1.676 4.043 0.783 2.318 5.498 2.815 2.352 4.059 7.361 1.891 5.421 0.609 9.352 5.997 8.850 2.793 3.985 0.361 7.318 0.019 8.289 2.544 5.184 0.004 5.289 8.264 6.306 4.578 9.912 3.553 6.509 7.954 3.514 2.218 4.547 3.767 4.932 3.228 8.160 1.107 6.262 7.407 4.167 7.826 8.401 6.584 5.375 1.443 4.802 1.253 2.557 4.143 1.864 4.674 6.731 8.547 0.904 2.369 5.549 5.225 9.765 5.992 7.730 1.217 1.765 9.682 1.154 1.263 5.911 5.162 3.489 9.860 5.098 9.107 9.057 2.800 8.332 2.571 1.970 1.432 8.962 
7.662 3.576 1.503 3.340 1.051 1.702 1.175 3.387 7.389 0.262 9.555 2.121 8.271 0.444 7.914 3.381 3.984 8.848 0.671 5.673 5.949 3.721 2.164 5.381 7.511 7.743 8.244 6.408 9.530 4.691 8.821 1.720 5.074 7.758 8.629 7.254 4.459 9.285 8.671 0.176 7.848 5.264 0.084 1.550 7.681 3.055 5.500 8.184 7.328 7.480 0.352 9.582 5.498 8.698 8.044 3.771 8.211 5.079 8.421 0.065 1.425 5.675 8.544 7.787 7.755 9.818 8.441 7.391 0.172 5.892 2.166 4.505 4.035 7.373 6.333 7.973 6.377 1.871 4.039 0.161 7.949 8.089 2.074 1.496 9.240 6.372 3.173 1.495 6.380 0.832 3.183 5.395 6.678 4.902 5.008 8.877 6.377 7.637 7.406 3.393 
5.136 5.049 6.868 1.080 2.756 9.353 5.116 1.402 3.687 9.114 3.052 1.268 3.988 4.980 4.418 6.620 3.563 8.946 8.843 6.278 3.768 9.881 4.501 8.136 6.731 4.466 5.183 3.761 8.144 0.590 5.201 9.872 9.665 9.794 8.275 4.248 0.583 6.378 3.320 9.173 0.935 3.442 0.858 7.723 9.870 0.306 8.692 6.875 3.755 1.512 4.437 6.760 8.210 4.929 5.500 7.158 7.114 5.344 4.201 0.807 9.423 0.377 6.862 8.021 1.628 7.563 0.896 8.674 9.611 4.979 3.191 5.685 8.746 2.966 6.425 8.809 5.183 1.146 7.332 8.754 4.437 3.199 2.401 9.424 5.622 1.702 1.991 0.446 1.004 6.659 3.449 3.036 0.867 4.353 7.453 9.723 3.139 7.586 9.478 2.514 
5.705 4.503 0.113 4.632 6.867 0.767 3.711 8.174 6.053 9.088 4.815 3.685 2.511 0.814 5.711 8.017 4.507 6.655 6.503 3.591 5.296 7.454 1.171 5.670 5.042 1.358 9.215 4.168 9.744 0.782 2.721 3.089 9.254 1.068 2.896 3.747 6.481 2.912 8.515 7.623 9.020 2.306 1.063 0.894 2.594 4.981 7.844 5.479 2.954 7.184 4.821 0.773 9.163 0.952 5.554 6.177 6.557 0.046 1.232 6.958 2.115 2.146 9.499 5.059 8.426 4.017 6.555 2.029 5.018 8.974 7.816 3.425 7.417 0.142 7.357 2.764 4.957 8.792 5.254 8.358 8.144 4.319 5.013 8.248 5.121 1.328 0.333 6.823 4.689 9.716 1.582 1.721 0.235 5.644 7.585 1.098 4.913 4.875 7.595 9.487 
3.472 5.049 1.626 5.107 0.246 0.187 4.741 2.696 5.969 8.938 2.335 3.743 8.348 7.940 8.967 0.334 2.596 2.980 2.881 9.722 8.510 3.644 2.000 4.224 0.091 1.610 4.865 5.062 2.189 8.802 1.796 9.372 6.214 9.274 7.329 6.754 3.555 7.856 4.930 5.474 1.031 9.363 8.899 8.683 7.430 4.478 6.424 7.900 3.984 2.287 4.808 4.379 4.513 4.909 5.035 8.980 2.861 6.630 3.066 7.672 6.262 8.548 4.493 2.915 3.309 9.842 6.532 0.808 4.315 8.476 3.720 0.121 0.020 7.399 0.140 2.110 1.850 7.116 1.510 9.348 3.220 1.885 5.051 7.747 6.741 4.726 3.707 8.365 6.603 5.942 3.971 4.680 8.919 0.909 3.362 6.562 5.328 5.522 4.407 4.365 
6.798 1.858 6.896 5.266 5.225 2.410 9.112 9.266 0.165 8.503 1.771 4.104 6.841 7.433 5.480 6.768 9.413 3.276 3.668 4.225 0.448 8.324 8.143 7.549 3.487 5.685 3.700 1.714 0.662 8.677 1.539 7.978 1.451 9.385 8.640 7.001 1.789 6.938 1.692 8.625 5.034 5.950 9.702 8.599 7.548 6.877 8.982 3.428 2.050 3.034 7.857 1.988 1.287 3.491 6.144 6.619 3.079 7.127 6.211 6.957 5.341 0.781 8.271 6.953 6.277 3.583 2.438 9.243 0.648 0.341 4.056 1.316 7.712 9.140 6.786 4.762 0.273 2.220 0.065 2.301 7.104 4.603 3.660 7.276 2.958 1.982 2.257 6.790 1.348 7.901 7.290 2.805 5.341 0.434 1.548 5.145 0.708 0.211 4.490 6.597 
3.968 4.940 2.649 3.051 5.062 0.335 0.024 0.998 0.744 3.790 7.950 0.602 0.084 5.039 2.567 5.018 7.942 7.557 0.704 5.690 5.740 5.539 1.801 8.931 1.405 3.883 4.267 1.264 1.986 2.832 9.618 9.718 3.087 4.656 6.653 8.542 9.050 7.074 0.967 5.684 6.548 7.009 2.169 0.734 2.181 8.684 2.332 1.059 1.545 2.088 4.372 4.349 3.241 1.391 8.366 3.907 6.356 8.038 7.117 7.668 4.034 9.900 9.672 3.168 8.956 6.159 2.961 8.432 8.750 7.385 7.252 3.146 0.694 1.656 0.659 5.333 5.399 0.498 1.631 6.269 8.594 2.950 6.027 0.375 8.637 2.088 7.146 7.438 4.908 5.992 2.931 1.663 8.842 4.336 4.440 5.781 5.073 2.506 3.646 8.713 
4.843 7.488 6.635 2.152 7.682 3.637 0.355 4.826 0.178 1.883 7.216 3.163 2.621 2.919 2.040 3.627 5.259 3.488 0.123 5.100 5.984 5.033 3.525 9.304 0.334 5.610 5.057 3.526 2.927 9.285 5.931 2.652 6.624 1.996 3.521 6.895 2.063 9.255 0.293 7.471 5.524 9.021 3.581 5.001 7.556 2.556 8.605 4.388 8.238 7.140 3.885 5.575 7.530 7.167 9.049 1.690 0.752 4.319 9.913 4.861 9.936 3.258 4.662 5.219 1.499 6.627 8.000 0.480 9.504 1.973 7.199 1.909 1.632 3.697 5.114 7.408 1.915 5.108 0.462 4.041 0.257 9.231 4.908 0.389 3.828 2.135 9.832 3.768 9.530 9.270 3.058 8.604 9.888 3.503 7.275 0.002 6.990 3.405 7.381 0.912 
0.357 1.686 3.588 2.215 5.020 6.633 0.755 2.481 5.492 3.896 2.115 8.239 9.801 2.045 7.341 6.145 5.313 2.925 0.722 5.627 4.671 7.058 5.114 4.287 5.877 5.057 1.273 8.638 5.235 8.365 0.222 9.579 5.716 6.486 8.359 5.442 6.146 3.318 1.159 5.404 8.543 2.208 1.553 2.584 1.913 7.921 3.285 9.265 0.882 3.799 7.942 6.298 6.626 4.147 6.683 5.019 5.746 5.056 4.190 2.736 9.991 1.759 2.867 2.242 5.989 6.930 9.889 1.676 9.546 2.335 8.351 3.553 3.480 5.693 6.473 0.796 1.440 5.701 5.583 3.219 2.717 0.802 8.426 0.056 4.667 1.449 4.251 2.849 0.024 1.385 6.063 8.296 6.137 0.760 8.474 2.517 1.957 2.805 1.633 6.579 
6.452 6.196 7.883 8.115 9.060 7.250 3.000 5.388 8.790 9.690 3.096 8.268 3.591 4.783 1.670 5.216 5.769 1.407 8.602 6.628 2.366 3.810 4.409 2.640 1.673 4.670 8.556 7.868 8.341 2.404 0.214 6.442 9.922 4.667 3.496 8.193 7.073 4.428 6.904 0.844 8.183 1.113 8.492 3.696 6.688 6.915 4.076 5.429 5.984 7.569 5.722 2.365 2.495 7.630 1.686 3.829 2.224 2.621 7.004 8.084 9.865 4.282 6.024 5.731 2.469 0.602 4.275 7.422 1.532 9.310 7.328 9.286 8.401 2.062 8.524 2.549 7.916 6.707 5.797 3.488 4.315 6.675 0.209 6.097 1.637 9.813 5.271 2.592 8.043 3.784 6.632 6.276 9.824 1.532 6.316 7.137 6.186 8.271 4.307 3.075 
0.362 0.910 3.000 8.653 6.041 1.960 6.819 8.869 0.718 2.526 0.087 7.622 9.101 3.234 1.182 9.241 0.464 7.643 9.928 6.747 3.511 0.070 8.198 2.353 1.141 8.552 0.802 4.125 5.374 4.190 4.842 7.682 9.591 0.067 0.962 3.374 1.269 6.510 9.156 7.433 3.393 4.615 5.139 0.294 6.885 6.602 0.685 6.462 9.532 9.860 2.778 8.124 9.138 1.340 1.949 9.017 9.941 0.306 9.747 5.983 1.665 0.453 8.950 3.134 0.039 6.833 7.784 7.539 6.067 9.155 1.251 5.988 8.905 0.607 8.439 9.502 3.799 0.566 4.602 6.031 2.220 0.304 0.773 1.994 6.070 3.104 1.643 0.242 1.608 4.100 4.566 5.371 1.655 0.559 8.678 7.297 6.505 0.370 3.288 0.576 
4.990 5.027 9.043 9.984 7.200 3.544 3.605 2.580 9.433 5.423 6.059 2.689 0.172 4.055 0.663 8.985 3.083 6.733 1.091 2.268 9.353 3.844 0.919 8.367 7.028 7.745 4.708 3.125 9.459 1.341 6.771 5.424 8.416 7.409 1.472 9.817 0.020 2.396 9.737 2.491 3.220 2.557 1.336 3.004 1.232 6.081 1.466 9.513 6.093 2.159 3.186 7.079 5.276 6.821 4.307 7.021 7.182 5.815 8.520 0.270 9.232 6.800 5.719 9.204 8.297 6.682 5.766 0.560 8.217 5.077 3.262 6.631 3.307 1.522 8.271 3.239 9.888 2.373 9.444 0.702 0.153 3.079 1.438 8.397 3.936 2.956 8.167 4.400 4.357 2.470 7.041 9.191 2.704 7.589 7.033 6.399 6.412 1.790 5.225 4.202 
1.568 3.964 2.276 8.124 7.933 9.624 7.176 9.705 0.209 3.595 5.570 5.809 3.956 4.668 4.003 0.161 8.407 6.583 4.469 2.136 1.263 5.137 9.814 7.769 2.491 8.227 0.751 4.521 5.120 4.185 9.498 4.385 1.089 3.914 3.397 9.625 9.310 3.996 4.235 1.631 1.285 1.222 5.497 6.147 6.838 3.773 0.224 7.522 8.849 0.709 6.811 0.478 1.204 9.302 8.647 0.419 8.642 9.307 6.261 2.290 0.609 4.290 7.375 3.634 3.848 2.779 1.102 9.615 9.993 6.181 7.422 6.516 5.165 6.183 2.033 5.509 8.279 1.629 9.657 0.320 3.570 3.788 6.015 0.841 0.709 9.335 9.778 9.695 2.818 2.381 1.032 0.304 8.651 0.450 2.064 3.104 0.285 4.428 9.579 1.202 
1.764 9.213 4.902 8.001 7.300 0.006 0.109 7.093 9.906 9.054 3.606 9.078 2.592 8.983 8.220 0.850 4.656 1.827 8.527 0.408 4.993 7.362 1.826 4.215 2.852 0.386 8.974 4.806 4.020 4.263 7.072 3.418 7.004 7.195 5.942 6.220 9.479 8.459 4.250 2.925 9.991 4.164 9.158 3.482 3.712 5.936 5.484 1.895 3.899 1.415 6.460 6.235 2.632 2.408 8.424 0.405 5.405 5.155 6.004 6.350 4.170 7.234 2.723 5.021 2.573 7.378 4.320 0.668 5.271 7.691 8.547 5.783 0.460 2.569 5.717 3.374 1.071 5.038 8.872 9.176 5.396 9.111 1.044 8.829 2.390 6.320 9.842 4.154 0.340 5.600 6.319 8.179 0.163 8.359 5.922 0.790 6.185 4.748 4.232 5.561 
7.960 2.877 9.125 3.619 6.389 0.084 4.034 2.233 6.215 4.190 4.059 4.251 4.837 3.139 7.806 9.433 4.295 3.433 3.059 0.318 9.282 1.308 3.638 3.305 9.055 5.744 8.150 0.326 5.284 9.095 8.700 7.696 0.993 9.360 9.117 6.486 8.009 7.933 7.740 3.163 1.661 8.077 9.420 0.089 1.767 2.258 4.991 2.989 8.442 1.009 4.229 6.503 9.692 2.064 0.016 9.545 5.340 6.094 7.326 9.353 8.427 4.605 0.482 6.812 0.908 6.292 6.132 5.961 5.206 0.450 7.384 7.379 6.961 9.932 6.627 8.615 7.219 1.594 0.721 4.749 4.179 9.128 2.409 8.736 5.631 1.807 6.127 4.261 3.269 2.736 4.651 3.510 9.151 1.929 5.476 8.454 2.785 2.781 2.228 7.066 
4.524 5.290 6.960 5.195 7.266 5.806 3.750 0.762 3.834 0.972 2.650 9.390 1.797 3.082 5.775 9.642 1.004 5.084 4.046 1.590 1.660 6.135 3.958 4.657 2.360 2.772 8.635 9.331 8.177 6.527 6.381 2.697 8.667 6.133 2.947 9.509 4.391 1.331 0.843 9.015 8.494 5.744 0.127 2.620 6.721 8.267 0.345 9.115 5.313 6.004 2.534 2.186 1.218 6.913 3.551 9.670 3.195 6.968 2.369 5.182 5.553 4.970 9.455 0.541 8.501 7.883 5.834 1.789 0.382 0.996 8.048 2.465 7.446 0.123 8.852 5.295 6.201 7.576 1.199 7.495 1.914 9.698 4.822 5.453 4.342 1.362 0.556 1.743 8.414 2.061 7.455 1.129 3.237 8.929 1.677 2.506 7.556 4.382 4.162 0.560 
3.575 9.905 6.187 4.356 3.927 3.005 8.032 0.026 8.495 1.293 6.201 1.240 8.761 6.267 8.891 4.283 7.447 9.466 7.766 4.180 0.269 5.385 6.447 4.550 4.847 8.749 2.600 6.643 9.027 8.607 1.049 2.388 7.163 8.050 9.859 2.133 8.297 6.307 0.045 0.291 4.565 9.482 2.215 1.097 1.666 7.242 0.256 2.291 5.774 5.419 2.985 6.704 2.882 8.648 9.582 0.428 7.237 2.938 3.583 1.568 5.278 5.382 3.230 5.373 0.264 7.079 3.035 9.991 0.660 5.795 2.590 2.048 2.265 6.881 3.832 2.782 0.044 4.539 7.254 3.554 0.705 0.639 0.875 4.245 1.121 5.005 3.190 9.223 0.930 9.314 2.755 3.388 9.841 6.578 2.586 5.127 1.480 9.561 7.153 3.924 
5.994 4.410 3.353 7.847 3.027 0.298 4.589 0.149 5.171 1.912 8.819 4.843 9.578 9.287 7.299 8.249 1.979 8.644 0.602 7.227 3.066 8.645 2.487 5.123 1.920 8.820 0.179 3.264 4.963 0.754 1.715 9.275 1.777 8.105 7.161 3.436 1.054 8.498 0.685 0.865 0.930 8.908 4.773 0.363 8.003 6.286 6.171 0.468 8.453 6.861 5.554 9.425 2.836 0.793 9.364 8.630 3.393 3.692 2.784 8.390 8.982 2.875 7.383 0.783 8.114 4.170 5.641 6.881 5.010 4.600 7.208 4.586 7.068 7.325 8.604 8.989 4.673 7.838 8.800 9.264 5.912 4.647 8.103 4.861 9.420 3.356 6.657 9.031 8.314 0.443 1.923 9.581 6.986 1.865 1.573 5.134 0.363 2.061 9.377 0.168 
2.206 0.967 6.853 3.626 4.947 0.163 2.751 3.999 8.682 4.440 5.734 8.408 0.986 1.760 3.028 4.495 2.433 2.810 9.288 1.630 4.914 1.191 5.399 2.378 1.165 6.656 6.553 6.007 4.266 6.736 2.572 3.321 5.291 6.600 1.141 6.138 5.791 3.083 6.389 5.314 9.336 6.403 1.107 8.377 2.935 2.313 0.743 1.567 4.859 8.153 1.309 1.341 0.101 8.626 1.327 7.267 8.521 0.944 0.034 1.624 3.571 4.480 0.203 1.011 1.443 7.028 4.142 1.780 1.447 8.359 5.707 4.234 8.471 1.871 9.485 0.151 7.525 6.847 0.702 4.457 8.490 7.048 5.864 4.613 6.469 6.220 4.670 0.669 9.427 7.448 8.273 4.802 0.160 1.237 7.678 1.667 4.058 6.707 8.696 9.894 
7.626 1.335 6.699 0.672 5.264 7.333 5.213 1.517 3.413 6.915 7.308 2.046 1.871 4.462 7.668 3.850 1.791 0.929 6.269 8.424 8.695 4.685 1.663 5.495 6.679 3.440 2.999 9.088 6.936 3.904 5.133 0.178 9.667 9.379 0.438 2.892 3.551 0.649 4.257 5.863 1.015 2.162 8.325 1.578 0.733 3.812 7.970 4.338 1.028 8.396 4.380 1.780 9.136 6.233 2.831 5.850 1.662 1.341 1.415 6.554 0.975 8.095 2.491 5.861 0.778 3.339 0.868 9.746 1.639 6.560 8.551 3.479 3.890 9.905 5.779 9.022 0.938 0.607 2.031 3.665 0.827 0.663 8.703 5.875 7.631 2.503 7.232 7.752 7.159 4.840 2.584 3.437 3.359 9.857 2.243 9.374 2.794 1.498 5.082 5.408 
4.620 4.709 2.847 5.357 2.610 7.210 9.372 1.932 3.913 8.590 9.087 3.650 6.524 6.367 6.918 0.729 3.689 5.001 6.246 2.872 8.862 1.816 0.229 4.314 9.246 3.260 4.510 0.529 9.428 6.027 6.105 6.613 9.188 0.160 4.055 9.486 1.144 5.477 2.389 4.809 4.594 8.381 4.827 4.765 1.647 3.452 3.719 4.726 0.516 3.100 2.776 5.220 8.734 8.958 4.297 0.575 5.958 0.759 6.790 7.186 2.024 1.943 8.180 2.391 0.952 6.412 3.090 9.657 5.730 7.517 0.104 6.963 1.863 8.617 6.359 3.055 9.916 4.373 2.343 0.601 8.576 3.306 9.339 6.187 0.133 5.095 5.617 4.539 9.673 0.587 5.169 8.434 7.805 8.563 4.549 6.304 4.248 0.919 9.221 6.753 
6.254 7.132 0.690 2.871 1.489 9.600 9.683 9.566 9.747 3.796 8.609 3.929 1.660 1.024 8.664 2.102 5.442 7.022 3.060 6.061 4.610 6.648 8.052 0.258 0.628 3.458 7.739 1.184 4.459 3.107 6.912 2.556 0.128 1.196 8.629 5.045 1.567 9.435 9.661 2.270 1.252 8.811 7.445 4.107 5.444 4.831 6.789 4.276 6.194 7.838 3.193 1.645 4.723 0.909 2.376 3.718 4.237 8.909 2.341 6.368 2.825 4.890 5.172 6.043 8.663 4.236 0.615 9.385 0.454 2.674 2.486 0.483 5.743 1.631 1.927 7.844 8.560 3.236 8.653 1.549 5.701 7.766 2.442 6.056 7.887 8.292 2.334 5.621 8.012 0.862 0.297 7.433 3.758 3.692 9.398 2.184 5.950 5.508 3.968 3.047 
7.216 1.459 0.655 1.794 7.733 4.799 4.807 5.145 6.156 3.952 6.198 5.345 4.176 7.493 1.746 6.431 2.589 4.070 0.596 1.695 5.223 0.386 8.679 8.435 4.659 7.959 5.721 3.241 0.236 8.584 7.538 4.803 4.559 9.164 0.441 1.489 9.436 8.893 2.552 7.801 5.962 5.666 8.956 7.214 6.368 3.994 3.718 8.888 7.116 3.754 2.027 2.261 3.781 7.620 9.979 6.643 8.230 5.181 7.852 2.566 7.799 3.426 5.115 7.897 4.276 6.537 1.858 4.470 7.772 2.733 1.871 0.370 6.856 2.299 7.154 8.888 1.680 8.862 2.303 7.642 1.250 5.490 9.911 0.410 9.490 8.238 4.884 9.777 7.288 2.407 6.430 0.904 9.328 0.968 1.338 5.415 5.180 0.345 1.139 9.683 
3.868 6.083 8.752 3.667 9.925 9.781 7.301 4.821 6.803 9.142 4.936 6.613 0.447 4.950 4.670 2.675 1.799 2.396 7.565 5.743 2.082 9.263 0.862 5.186 8.796 0.196 0.101 8.139 3.547 4.513 5.701 7.041 5.059 4.856 9.995 0.748 2.031 5.316 0.293 7.248 0.841 0.659 7.197 3.538 2.538 2.726 5.085 2.204 2.056 6.193 3.460 4.870 0.106 3.471 3.675 9.833 4.842 7.729 5.462 4.912 6.056 3.771 1.618 6.848 9.392 8.824 7.244 5.400 1.879 9.148 1.998 3.724 2.934 3.845 9.974 6.580 6.909 4.217 2.017 4.436 4.256 5.621 9.553 4.648 8.413 8.866 7.359 0.550 4.644 9.899 5.054 5.499 5.227 9.791 3.593 1.721 2.625 1.816 3.521 3.123 
8.575 8.830 6.362 7.180 2.391 2.075 9.120 3.445 6.197 2.032 4.625 5.274 8.295 3.026 7.161 6.960 8.429 5.910 3.710 0.630 0.296 7.329 5.988 5.948 7.359 9.834 7.424 1.016 7.730 4.428 2.259 4.619 2.694 5.991 0.996 8.469 1.313 2.493 7.610 2.989 0.476 0.871 9.093 1.758 5.725 6.055 7.216 7.824 3.271 4.717 5.682 9.747 7.687 2.016 3.265 6.451 2.973 7.893 4.982 7.750 6.899 9.228 8.835 1.778 9.846 5.606 5.279 1.415 9.722 9.342 0.197 9.330 3.947 4.926 9.844 5.239 8.000 9.121 8.049 9.623 7.557 0.563 1.725 5.263 7.879 6.909 0.684 1.704 9.749 8.332 1.675 8.028 6.038 8.458 4.603 6.164 6.737 7.759 0.950 0.361 
3.187 9.796 0.575 8.458 4.130 7.770 3.263 7.054 7.231 7.348 5.671 5.847 9.723 1.908 2.640 6.016 0.979 7.990 4.249 3.771 7.966 2.029 6.422 2.963 1.776 4.242 3.428 10.000 9.736 1.915 5.201 0.220 2.948 2.291 1.036 7.352 3.548 4.750 3.922 6.699 9.439 3.034 6.558 8.325 6.836 0.913 0.913 8.628 2.521 8.852 8.076 7.445 8.442 5.023 4.122 3.101 0.965 1.289 0.718 9.656 5.938 3.684 6.280 9.022 8.551 7.350 4.625 5.583 3.921 7.880 3.291 2.503 0.306 4.603 2.936 6.966 1.909 6.457 2.574 6.300 2.340 7.784 2.805 8.107 2.971 9.652 0.627 5.347 2.678 2.100 4.960 1.638 6.729 4.093 1.580 2.963 2.967 0.919 9.802 9.433 
2.857 3.232 0.970 4.801 3.426 8.058 0.558 1.991 3.719 9.654 1.530 0.111 5.950 7.346 6.505 2.090 7.268 8.198 0.212 2.385 2.719 4.671 1.750 1.066 3.850 1.349 8.237 3.954 0.221 0.193 7.597 8.502 3.033 0.833 8.402 1.609 1.059 0.939 8.996 8.669 9.113 1.870 6.420 2.818 8.422 6.451 8.083 9.538 6.402 9.026 5.544 4.607 0.616 2.699 0.326 2.670 7.962 5.107 6.228 9.671 5.522 1.949 1.271 4.818 3.896 7.051 5.095 6.797 7.379 8.779 4.415 4.560 7.831 5.245 9.957 5.152 0.758 4.946 3.193 9.770 2.739 5.232 0.154 4.530 9.129 8.290 2.604 4.269 9.713 3.243 3.963 6.104 7.887 3.373 8.474 4.454 5.843 9.493 7.346 0.764 
4.231 4.054 4.865 9.241 9.817 5.704 0.773 4.621 8.770 0.691 2.644 9.138 6.381 5.783 3.407 3.728 6.250 7.158 4.711 2.763 3.295 1.115 6.383 2.601 5.268 5.393 5.899 1.634 6.915 4.396 9.457 3.610 9.380 7.645 8.055 6.553 5.032 8.480 7.765 6.805 4.459 9.138 3.305 1.392 8.105 9.158 7.974 2.246 9.705 6.336 1.013 2.614 2.516 3.332 5.555 9.424 2.181 8.508 6.446 5.348 1.985 6.517 7.460 0.813 7.265 2.786 1.646 9.330 5.771 6.128 6.944 9.157 9.888 5.413 1.520 0.537 4.804 9.493 9.802 0.535 3.956 4.375 0.657 6.836 9.363 8.027 3.767 7.792 9.831 1.116 8.878 8.458 4.448 1.530 5.334 1.397 2.246 1.526 6.027 6.636 
1.476 9.047 0.776 7.301 3.559 8.897 9.010 6.199 7.423 5.221 0.585 3.866 9.704 4.057 6.597 0.480 5.061 3.615 9.124 2.435 8.738 0.349 9.977 9.318 0.412 0.917 3.730 8.614 4.362 3.677 9.599 3.505 6.051 8.490 0.031 3.832 9.294 0.303 1.284 1.484 1.402 0.218 2.734 9.259 5.888 7.593 7.129 6.622 3.646 8.071 3.648 6.636 3.869 5.396 9.205 5.876 5.383 9.356 1.187 3.109 7.581 8.275 6.563 3.175 7.676 2.091 8.125 9.614 7.609 1.258 8.546 3.338 9.614 7.444 6.846 4.908 4.190 4.331 9.925 4.846 8.023 0.690 3.864 9.789 2.259 3.341 5.860 2.292 3.460 4.622 7.856 8.601 0.549 7.532 7.197 1.824 1.122 1.874 7.972 7.577 
9.591 6.382 9.104 5.410 7.803 5.083 1.681 2.099 6.035 0.960 8.568 2.232 8.531 6.356 3.907 7.437 3.141 7.488 8.739 8.045 9.020 9.973 1.719 0.053 9.846 3.293 0.643 5.808 2.566 4.777 1.323 9.019 3.276 7.869 5.279 3.415 2.528 5.189 6.624 9.639 2.096 4.219 1.581 6.845 4.013 2.313 1.109 3.831 0.573 8.190 8.287 9.549 0.909 9.045 7.311 4.347 5.736 5.988 0.191 1.394 6.904 5.665 0.617 2.404 2.524 2.567 1.811 2.991 1.597 4.829 6.664 0.780 4.291 6.095 3.964 3.717 5.371 7.429 4.098 6.972 8.562 6.185 1.266 4.260 9.134 3.244 6.939 3.459 0.420 6.091 1.058 7.002 7.565 2.851 3.321 4.658 8.400 1.559 6.769 0.065 
7.008 9.723 9.858 2.638 0.290 1.535 1.223 3.335 1.641 3.965 3.395 6.163 8.698 8.420 7.906 7.287 4.047 1.639 4.404 0.128 8.784 8.071 0.675 7.933 8.828 6.112 8.782 4.971 3.046 2.240 4.958 3.710 0.393 0.386 7.306 8.122 0.513 8.646 5.910 2.628 8.550 1.843 4.509 2.056 0.271 6.384 1.564 0.509 8.040 3.354 1.223 6.037 1.659 6.851 1.469 3.615 0.635 7.206 7.569 1.097 6.060 2.900 3.830 1.509 0.950 0.775 5.621 0.355 7.634 1.404 6.648 8.454 9.582 5.412 3.529 9.204 2.906 6.938 0.885 4.181 9.730 2.463 5.346 2.480 1.564 6.761 6.146 7.332 5.905 2.890 3.319 8.149 3.375 9.804 1.887 7.416 5.888 9.427 1.896 9.598 
8.584 4.857 9.670 3.583 9.544 2.717 5.226 1.105 1.688 5.645 4.460 1.045 0.652 5.378 2.380 3.543 0.964 2.991 5.474 8.463 0.349 0.439 7.082 9.898 8.633 6.769 9.594 2.118 3.364 3.104 1.181 2.676 9.048 2.829 2.850 5.187 0.631 7.267 3.644 7.756 4.786 2.598 7.979 2.946 4.446 0.745 9.309 1.770 3.019 5.551 8.566 7.220 4.785 5.662 4.171 2.576 7.063 7.248 2.786 5.895 7.925 2.935 6.449 4.899 0.475 8.127 2.239 5.825 0.987 2.300 5.197 5.696 3.583 0.753 3.896 9.940 8.547 1.837 0.712 6.341 4.838 5.723 5.665 1.879 9.951 3.420 3.501 1.171 1.859 8.909 8.574 3.979 8.444 3.057 1.068 4.486 9.572 5.246 1.091 6.929 
5.772 7.554 4.266 0.562 5.303 6.759 3.584 1.904 8.378 1.443 7.488 3.749 3.229 5.016 3.426 8.523 3.821 0.643 9.441 8.228 3.056 0.712 3.756 4.423 8.559 1.763 3.771 9.493 0.311 5.574 1.405 4.789 0.726 8.531 1.292 2.131 8.135 4.286 1.992 2.651 4.031 9.266 8.074 0.965 2.953 6.622 2.697 3.274 1.417 1.848 6.155 5.144 8.905 2.494 5.724 8.452 9.619 5.135 6.130 7.231 8.429 5.096 7.954 9.042 8.236 8.269 3.375 1.872 8.864 9.855 4.807 6.539 9.465 1.810 2.167 1.122 7.473 9.370 8.808 7.030 7.128 7.159 4.451 5.974 9.754 7.044 5.871 3.334 6.116 3.198 2.521 6.193 8.429 4.599 4.816 3.658 5.895 1.604 7.367 2.998 
2.994 1.170 8.107 7.584 4.193 4.775 6.943 1.681 2.210 4.183 4.346 2.703 9.520 2.819 1.125 3.722 4.423 4.689 5.503 7.735 3.628 8.553 2.601 0.478 3.086 2.378 4.412 0.425 7.569 1.943 5.468 3.007 7.378 7.948 0.525 1.067 7.469 7.950 5.779 5.108 0.290 3.030 4.447 4.954 8.652 4.214 0.806 9.146 9.079 0.368 4.242 9.583 9.258 7.526 6.273 6.714 5.444 9.444 9.035 4.935 6.965 0.529 3.325 8.737 5.343 5.248 7.901 7.653 4.978 2.608 9.475 2.050 0.802 0.385 4.572 2.428 5.892 1.386 0.304 2.051 8.615 3.215 0.939 6.427 4.572 3.804 1.161 3.482 3.320 7.221 4.887 5.071 3.688 8.208 0.621 3.914 4.319 9.300 0.447 9.994 
8.029 1.391 9.970 7.002 9.543 7.180 0.795 2.494 6.227 7.051 5.454 5.094 0.530 8.642 7.079 8.303 1.042 4.587 2.578 3.240 6.308 7.759 8.608 1.995 1.815 9.696 4.179 9.199 5.964 5.837 2.400 1.846 5.240 0.711 6.568 6.490 2.276 7.257 2.583 8.477 3.084 7.119 0.463 0.078 1.297 2.911 2.689 3.091 7.982 9.221 5.998 6.746 5.277 6.437 6.315 3.632 0.949 0.351 3.552 4.737 8.792 0.926 4.180 9.679 6.731 5.637 4.658 9.737 0.479 6.329 8.081 9.397 5.638 3.711 9.753 6.754 5.252 0.224 4.750 4.376 2.989 0.346 2.027 9.983 4.376 7.164 5.127 0.657 9.792 5.435 9.118 5.209 3.298 4.296 7.054 6.786 0.811 7.290 6.929 1.842 
9.598 3.433 1.896 2.207 8.633 0.674 2.311 4.118 5.959 2.294 8.102 1.814 4.882 7.537 3.873 3.582 5.536 0.090 7.206 4.981 2.205 1.886 2.681 7.377 9.589 5.167 0.287 9.897 3.168 2.736 7.099 9.448 9.796 4.882 5.376 6.524 4.688 1.601 8.529 4.210 0.097 0.432 8.851 3.987 9.140 3.449 7.316 4.746 5.468 1.808 6.288 0.738 5.774 2.581 0.563 0.132 7.507 0.583 0.805 8.291 8.560 7.377 6.130 8.925 9.211 0.723 9.400 1.870 9.120 0.349 9.557 8.412 3.829 0.124 0.282 3.771 5.846 2.455 3.180 1.676 5.170 8.059 6.711 7.772 2.872 3.110 9.199 7.049 9.257 6.241 5.351 5.404 5.003 9.844 0.951 7.034 9.701 3.692 9.655 7.407 
7.254 4.054 9.141 6.251 1.684 8.109 1.263 6.192 0.122 1.792 2.303 0.489 1.927 8.936 4.956 7.622 4.229 1.036 3.235 1.429 4.537 9.822 5.146 2.942 0.459 9.390 5.677 4.107 5.102 0.669 4.421 4.173 4.236 8.650 7.975 6.692 7.933 1.965 7.153 8.790 5.070 5.201 3.009 4.650 3.812 6.594 3.676 2.009 4.990 7.669 6.123 3.853 8.159 6.817 3.042 7.494 2.029 5.782 5.331 9.718 1.976 6.632 4.856 9.817 7.354 6.888 0.542 1.941 0.464 2.183 3.214 4.478 7.210 9.075 1.076 6.888 6.688 5.448 8.230 3.820 3.284 2.330 3.215 2.226 0.181 8.863 3.185 9.640 7.640 1.695 2.066 0.861 2.863 1.112 7.779 5.838 0.843 8.852 4.464 3.743 
7.161 6.751 0.515 6.908 4.423 1.094 2.209 3.624 3.713 4.885 5.715 0.600 1.285 9.120 7.362 4.331 8.534 4.569 3.172 5.566 0.234 7.604 3.882 2.616 2.037 7.150 0.950 7.321 3.209 4.976 2.344 2.178 4.781 8.231 4.345 8.327 6.387 1.372 7.011 1.897 7.337 4.463 6.501 0.532 8.781 6.185 7.007 2.873 4.143 2.846 8.706 1.173 4.462 9.173 5.850 1.331 3.752 2.750 0.856 5.171 7.036 1.563 6.113 6.964 0.329 3.343 5.114 9.942 7.518 6.102 8.452 8.780 3.808 1.622 8.264 0.928 9.234 7.490 6.781 3.031 8.563 8.740 0.761 8.686 5.866 7.155 3.833 0.292 2.999 4.836 2.994 0.851 1.304 8.803 3.877 1.254 4.937 5.041 1.770 4.778 
2.411 3.691 1.840 3.312 0.173 1.882 2.518 9.210 8.345 7.077 0.600 2.506 4.097 1.761 5.233 5.773 2.574 9.777 0.703 7.895 8.756 5.705 4.654 3.618 6.204 1.286 9.261 7.935 0.239 7.095 7.699 3.042 3.774 3.411 7.292 0.920 3.778 1.556 3.649 6.405 5.122 5.843 7.259 4.069 6.430 6.710 5.103 7.148 9.487 7.637 5.064 8.324 9.738 1.984 0.203 0.260 0.451 1.028 3.254 8.424 7.250 1.173 9.140 9.987 2.874 6.535 4.706 0.337 4.273 2.950 0.447 3.121 5.442 0.799 8.531 0.612 9.752 7.014 5.091 8.686 4.972 1.097 2.475 4.723 2.655 6.083 8.863 7.331 1.099 2.981 8.560 3.972 7.742 6.417 6.087 6.264 2.472 9.984 1.230 3.034 
8.110 2.067 0.144 8.042 8.113 6.842 9.757 2.694 4.385 0.551 8.821 4.036 0.047 0.171 9.166 4.868 2.955 0.153 5.004 5.889 5.854 3.052 6.435 9.460 8.121 1.526 5.704 0.794 2.265 2.466 1.233 5.138 5.551 8.816 4.938 8.909 3.443 1.022 2.948 8.591 6.913 7.986 8.471 3.728 0.070 6.922 8.262 9.344 8.084 2.537 0.918 8.730 7.890 8.625 6.040 9.698 5.804 9.335 8.226 6.122 6.825 3.123 8.776 1.860 0.162 9.717 1.037 6.008 4.303 9.308 2.376 6.846 2.805 3.595 6.937 6.789 8.934 0.355 8.504 2.218 3.234 6.730 2.106 0.127 3.165 1.574 6.283 8.223 8.094 3.895 5.373 6.283 6.035 2.668 2.584 4.414 0.824 3.102 0.183 8.157 
9.689 5.858 2.672 1.316 1.545 8.599 2.489 4.851 5.753 3.806 5.467 4.209 9.595 2.830 5.062 8.065 0.232 3.781 0.167 8.599 3.563 0.055 1.254 7.159 8.035 7.032 3.513 9.446 6.225 6.824 3.692 1.191 0.789 4.786 9.422 8.722 4.257 6.992 5.929 8.762 4.050 4.835 5.282 8.368 5.108 1.494 7.556 8.976 2.555 5.157 1.635 8.216 5.920 5.538 5.780 9.344 4.656 3.507 4.524 0.953 1.872 8.458 8.982 8.950 9.549 4.426 2.260 8.698 3.834 3.875 0.251 7.702 3.447 7.622 0.858 8.248 7.718 0.394 1.414 4.979 3.324 4.155 4.912 4.589 0.397 5.526 0.567 3.504 9.361 9.383 3.154 4.713 9.585 8.013 8.610 6.764 9.732 4.106 0.467 6.338 
7.563 6.279 2.797 0.789 3.860 7.858 0.602 8.578 1.123 3.175 7.806 3.611 2.769 0.791 6.357 4.154 2.618 9.736 7.347 8.237 7.685 3.097 6.484 5.201 9.503 3.130 1.804 7.440 0.487 3.409 1.065 7.247 2.253 6.501 9.916 1.191 2.178 0.135 9.637 8.438 3.028 0.901 5.025 0.069 7.975 2.160 8.806 3.573 9.982 2.001 8.877 0.437 0.175 7.872 8.612 5.019 4.585 6.789 8.493 9.746 2.414 3.946 9.413 5.090 1.860 7.933 4.123 2.743 1.464 7.841 3.528 6.933 5.897 6.020 8.773 1.942 5.195 0.453 8.414 3.524 5.537 2.354 2.343 8.154 7.827 7.860 0.622 6.818 7.612 7.518 5.848 9.402 6.122 3.619 2.302 1.637 7.618 3.391 3.756 9.049 
2.636 5.555 4.497 1.364 0.203 8.814 4.944 6.451 4.666 3.478 4.006 5.008 4.358 1.601 5.275 5.953 0.029 6.786 3.057 7.720 0.690 2.092 7.305 2.562 3.303 3.393 3.553 9.318 0.662 5.945 5.135 5.103 8.658 3.934 0.149 7.907 0.183 6.356 4.905 0.181 7.921 7.672 8.923 8.145 2.422 8.408 3.948 2.780 4.998 9.088 0.888 6.244 7.248 0.743 4.108 1.804 0.290 6.561 2.109 6.266 7.157 2.248 7.220 1.392 1.234 7.108 4.688 4.780 2.087 3.961 3.280 1.321 7.608 3.625 5.362 3.469 7.988 8.876 4.297 2.319 2.718 3.565 0.983 1.730 6.545 4.862 9.335 4.611 4.120 0.510 2.635 3.868 5.924 8.371 8.769 0.513 9.992 2.575 2.641 7.925 
4.933 9.147 8.237 4.398 9.800 4.090 1.225 5.733 5.473 8.625 5.317 5.857 0.385 9.510 2.081 6.262 0.671 7.206 4.436 4.364 1.107 0.993 8.609 6.817 8.569 8.126 7.998 6.282 4.177 3.591 5.078 9.173 3.756 8.087 4.264 7.517 8.811 4.510 9.469 0.205 1.826 7.369 4.981 7.642 0.339 5.364 7.263 9.090 4.044 4.603 8.262 3.823 7.895 8.892 7.923 5.655 2.105 3.903 4.734 5.346 6.837 4.062 8.330 6.926 5.360 4.564 7.460 2.091 4.513 6.025 9.943 1.465 5.408 6.004 8.640 2.748 0.510 9.848 8.919 3.558 5.419 3.154 8.601 1.116 5.033 9.489 0.973 1.826 4.086 9.994 5.079 1.294 1.517 5.939 5.215 9.325 6.575 1.426 3.311 5.083 
2.144 0.999 3.740 4.707 7.371 6.178 9.936 7.430 7.355 5.615 6.222 6.524 2.386 5.942 6.212 8.225 3.032 4.232 1.260 5.224 0.228 8.427 8.567 1.267 1.446 9.109 8.753 9.926 5.002 4.541 6.980 3.740 4.629 1.033 0.042 9.537 5.528 2.381 4.207 1.995 1.295 5.385 5.096 0.286 8.371 3.237 1.355 1.970 0.933 5.004 8.483 4.240 4.539 7.296 7.820 5.072 1.223 3.788 8.391 5.875 2.267 9.255 6.085 2.830 7.393 7.480 5.463 6.270 0.738 6.518 4.398 6.154 4.659 0.591 0.690 7.005 2.140 5.197 2.827 7.501 7.372 0.886 4.133 8.314 1.945 1.589 0.706 6.792 1.014 5.412 8.722 8.579 9.779 9.342 5.983 4.378 5.673 4.471 5.897 4.731 
5.776 4.992 9.468 6.887 2.120 2.522 2.346 5.629 9.803 7.077 9.493 4.277 4.141 7.432 9.593 2.980 3.417 6.519 5.001 8.897 3.237 2.032 0.705 6.882 6.971 8.463 7.557 9.900 4.333 4.421 0.864 5.553 6.716 8.283 5.297 8.808 3.635 5.965 1.070 1.317 9.310 6.933 4.321 4.558 2.256 8.430 6.730 7.419 3.599 3.354 5.544 8.856 1.748 4.207 5.386 2.740 2.062 4.120 7.494 5.146 0.181 6.059 0.353 3.976 6.803 3.030 8.097 7.018 9.887 5.347 9.505 7.362 7.458 5.826 0.916 4.388 0.520 0.173 0.993 4.505 0.932 7.747 3.894 8.248 3.539 7.393 0.122 9.390 5.304 4.111 1.073 7.328 6.780 4.936 4.170 6.144 2.831 6.610 0.317 2.476 
0.221 3.378 4.399 9.617 9.393 0.529 2.550 7.084 6.586 8.226 7.008 3.354 0.284 0.569 0.495 4.372 2.920 6.840 7.295 2.029 4.734 5.484 7.443 4.862 1.767 6.445 3.784 7.907 4.025 4.217 9.055 9.853 3.086 2.193 1.576 3.415 0.607 8.730 3.697 9.220 0.525 6.693 6.672 4.373 8.078 1.232 9.323 4.361 8.211 4.979 5.539 0.984 4.427 5.993 7.411 9.602 6.662 1.343 6.672 6.119 3.410 8.442 6.961 7.894 8.971 6.996 3.410 2.996 1.445 6.738 4.067 9.115 0.888 9.985 9.752 6.812 9.913 3.527 5.056 1.792 0.935 1.321 3.457 7.391 5.249 8.055 3.723 1.577 9.187 3.763 3.164 2.435 1.694 1.356 5.651 2.285 5.850 2.202 8.789 3.432 
4.105 9.690 5.138 7.817 3.269 7.087 6.977 8.806 0.697 3.950 2.725 5.797 7.499 4.845 5.846 1.361 8.105 5.202 3.848 6.229 8.077 1.734 5.788 9.610 3.641 9.087 1.611 1.008 7.118 0.078 5.594 5.047 2.141 4.253 9.189 2.593 1.374 8.327 5.639 9.931 7.273 2.531 9.872 2.675 3.393 8.894 2.410 2.660 9.697 1.036 5.260 4.146 0.397 0.199 1.120 0.301 6.952 8.901 4.607 2.206 2.028 1.887 5.663 0.342 2.463 3.830 0.835 2.912 0.581 4.641 7.681 6.248 3.543 6.167 1.214 0.001 9.873 8.562 8.989 3.883 0.770 0.688 3.221 3.298 1.355 6.531 4.124 8.362 3.638 8.784 8.592 4.542 8.635 1.531 2.265 3.420 9.841 6.265 1.058 8.933 
4.007 9.345 0.300 7.855 8.095 4.452 5.793 3.243 3.152 0.593 1.275 6.123 6.868 4.768 1.067 3.779 6.619 8.552 5.001 2.645 3.899 9.518 5.116 0.061 9.235 1.694 0.071 1.910 3.905 4.050 3.742 2.491 1.072 2.396 9.040 8.933 4.336 8.003 6.643 4.865 6.091 5.771 1.033 7.149 1.583 5.825 2.988 5.038 7.125 5.050 8.535 3.299 2.501 9.265 9.232 9.555 8.302 2.481 7.621 1.389 8.648 7.028 4.704 0.583 8.561 7.166 3.385 0.297 3.112 9.294 2.942 5.948 2.387 3.810 4.823 2.079 2.311 7.297 9.312 5.616 6.400 8.797 5.937 0.566 7.653 0.644 7.908 0.418 2.927 2.566 2.300 2.309 4.429 7.597 3.231 1.354 4.193 9.708 4.859 4.443 
7.836 5.988 4.670 0.292 3.263 0.752 5.222 6.552 8.499 4.971 4.292 5.385 0.372 2.066 9.193 6.085 2.382 0.315 0.930 7.010 5.762 2.829 7.805 9.416 2.474 8.421 6.108 2.584 2.682 0.519 7.619 3.099 2.120 6.759 9.772 1.034 6.657 8.854 4.540 2.403 2.400 0.933 6.380 0.280 9.681 4.648 7.905 6.684 8.413 1.054 4.314 3.522 0.455 2.505 4.116 3.678 1.876 2.625 4.156 2.677 4.304 8.813 1.553 7.272 9.897 9.631 3.813 9.757 8.912 8.985 1.045 5.839 2.325 0.030 1.023 9.540 4.502 4.372 8.644 0.686 2.544 6.338 6.213 9.332 9.589 7.818 9.970 6.707 9.100 6.511 1.262 4.140 5.956 9.288 7.873 9.799 8.048 2.803 2.136 8.098 
8.965 5.515 7.682 8.110 8.394 8.817 5.933 5.443 1.852 0.119 6.787 6.703 5.523 7.422 5.324 6.867 5.128 3.133 7.825 7.685 9.984 4.755 5.914 9.577 4.730 1.390 7.212 0.391 1.532 7.981 4.521 1.868 5.037 3.711 3.295 8.683 0.788 7.017 8.881 5.539 5.407 7.344 0.873 4.936 3.426 2.918 1.800 1.969 1.348 4.592 1.339 2.783 4.241 8.116 5.235 0.171 3.966 1.083 0.219 3.188 1.011 6.207 2.342 7.653 3.820 9.626 6.346 0.916 0.501 1.477 7.974 7.390 7.817 6.088 9.437 0.974 1.531 0.880 0.652 6.750 0.282 6.258 5.334 7.091 2.460 3.641 1.512 6.673 1.827 5.119 0.658 6.805 2.976 6.188 8.228 1.933 2.173 2.495 1.135 0.234 
2.592 2.618 4.439 5.806 5.522 1.502 0.366 2.094 0.702 3.380 7.665 4.960 9.656 8.760 8.271 9.036 5.608 7.366 1.233 2.885 2.357 7.799 0.998 6.879 2.379 5.130 8.219 2.689 1.302 9.625 6.526 4.801 1.938 3.397 7.909 2.579 6.061 6.859 2.738 6.057 6.257 3.587 7.799 9.840 3.334 0.432 7.217 7.310 7.033 9.528 6.621 1.648 9.047 0.249 0.513 1.121 7.751 2.064 6.423 3.518 3.458 3.789 7.159 8.691 1.485 0.755 4.204 8.722 7.893 9.074 1.173 2.410 9.349 5.353 6.102 4.493 4.250 0.958 5.320 0.293 6.967 2.264 9.664 3.332 0.899 2.178 5.878 6.863 8.838 3.680 2.179 0.240 1.121 3.118 7.179 7.569 2.998 9.577 5.612 9.204 
2.706 6.723 2.673 6.284 0.847 5.287 1.115 4.737 9.851 7.516 1.775 7.974 9.524 9.821 8.648 6.814 0.992 6.156 4.260 1.108 6.722 2.651 9.710 0.014 8.692 3.495 6.452 6.859 0.318 9.144 3.679 0.187 0.235 0.558 5.970 4.689 7.706 7.336 0.782 4.470 0.041 3.414 4.299 6.380 2.206 1.254 7.195 2.972 7.547 4.373 8.921 3.077 6.451 8.471 0.282 2.943 6.683 3.444 9.287 2.417 5.108 2.093 4.484 8.760 5.576 6.524 3.376 5.319 1.846 9.870 0.859 3.533 7.611 9.243 4.099 4.494 7.903 5.641 5.791 0.668 7.487 7.910 7.305 9.259 2.165 0.779 6.867 6.193 8.403 1.526 5.657 3.712 5.111 5.864 6.428 5.179 8.999 1.282 5.122 7.848 
1.534 5.257 5.820 8.068 1.185 6.508 3.343 3.685 9.396 9.779 5.823 5.236 2.506 8.508 1.641 0.961 4.722 5.190 1.294 0.599 9.151 6.231 4.918 9.490 4.895 6.663 0.516 7.600 8.262 0.219 6.207 7.726 5.252 1.942 2.267 3.381 0.660 3.779 5.133 9.624 6.357 8.393 6.107 9.464 7.633 2.833 2.037 4.355 1.828 1.629 3.913 9.778 7.904 8.370 2.034 5.958 9.112 5.913 3.138 9.320 3.428 7.970 5.744 2.484 8.084 9.034 4.836 9.302 5.142 5.332 5.971 6.716 4.853 6.842 1.929 7.088 2.294 9.245 2.071 3.026 0.659 5.154 5.750 1.740 1.507 5.966 6.291 7.448 8.244 9.209 1.355 8.505 4.180 1.438 8.805 0.526 0.583 3.378 4.608 8.049 
3.385 2.288 0.735 5.019 9.347 6.323 6.570 8.769 3.878 7.064 6.895 3.025 2.993 9.296 3.169 3.000 1.360 1.651 2.524 9.600 6.861 7.775 0.679 0.436 9.629 5.305 0.766 2.434 0.157 9.142 0.016 4.587 6.735 6.259 0.147 9.670 7.200 1.575 5.346 0.587 3.801 8.341 3.822 0.414 2.833 1.877 5.023 5.188 2.614 2.553 4.835 5.028 4.367 2.418 5.360 2.239 0.636 0.054 4.154 4.762 4.938 9.892 0.253 9.490 4.566 5.490 0.743 2.806 5.673 1.086 2.137 5.025 6.072 2.122 5.429 1.314 6.538 3.352 2.319 4.162 5.851 2.694 2.813 1.498 8.255 9.982 1.168 0.123 4.624 2.486 7.992 6.338 0.165 3.174 1.179 4.302 2.219 3.500 7.345 7.990 
1.430 9.796 8.421 4.453 8.354 1.216 5.147 4.458 5.446 7.631 0.376 1.619 1.281 7.877 0.256 2.603 9.859 2.305 0.674 9.117 2.891 8.738 9.645 7.061 7.059 7.595 3.732 9.399 1.445 0.228 8.033 7.137 2.538 4.304 4.808 7.116 5.534 1.465 5.361 6.236 1.003 5.411 3.477 9.204 5.429 3.083 6.390 0.932 2.606 7.673 1.034 5.305 0.424 9.798 9.167 9.201 4.197 2.401 4.833 4.350 3.339 5.670 1.612 9.931 2.971 0.573 5.073 5.623 5.781 3.511 8.003 8.249 2.389 0.007 2.035 5.125 0.323 2.364 9.594 3.750 2.765 4.776 4.276 0.565 8.217 9.525 6.141 1.197 1.394 9.559 0.799 0.779 3.786 6.028 7.585 5.757 9.609 4.132 2.690 7.928 
9.116 7.059 7.648 7.349 6.646 5.683 2.244 3.262 5.187 1.230 3.615 1.165 2.705 9.161 0.076 9.800 8.083 5.166 9.035 3.956 6.077 8.337 3.244 7.725 1.395 2.347 8.625 8.120 1.744 2.786 9.863 0.820 8.470 7.652 7.113 8.196 1.306 8.481 8.243 4.777 0.626 1.548 6.291 6.809 6.640 2.190 1.050 0.682 9.966 0.375 7.036 9.652 2.161 2.381 7.495 9.503 7.940 1.663 5.543 1.569 3.078 1.817 9.060 5.909 3.258 5.933 5.546 8.304 9.513 9.548 6.771 2.230 5.318 8.931 0.775 1.005 8.886 2.493 0.529 5.880 1.763 0.727 4.405 3.026 1.430 9.300 3.494 6.068 1.301 0.639 4.760 1.121 6.228 1.691 7.048 8.112 5.434 9.415 9.030 5.590 
7.657 0.972 4.328 6.187 5.205 2.631 9.251 6.447 4.612 9.922 2.847 7.804 1.629 1.739 7.318 5.181 7.409 2.743 9.210 5.873 0.903 1.713 8.279 4.187 9.727 8.263 1.425 6.638 8.059 6.746 3.671 8.420 5.494 4.108 6.828 4.329 5.179 7.932 9.155 6.367 3.090 2.012 6.124 5.836 2.799 9.385 3.213 9.887 1.744 6.978 6.545 1.234 5.653 1.740 6.153 4.994 7.524 5.482 9.652 8.476 6.370 4.483 1.200 8.163 8.779 0.409 1.764 3.069 3.273 1.044 1.900 5.218 3.447 2.926 7.546 6.068 0.898 3.116 2.634 2.373 3.079 3.975 9.744 6.189 4.382 3.132 1.457 1.509 0.988 0.594 0.587 4.381 1.336 6.351 7.063 4.237 4.389 4.758 2.859 1.660 
7.351 6.492 4.093 1.837 2.920 4.921 1.152 3.538 3.758 1.376 3.580 0.631 8.432 2.985 6.302 6.856 8.784 7.502 7.759 4.862 3.413 1.852 8.520 7.359 5.728 5.015 1.021 1.656 7.951 1.292 7.232 8.806 4.297 7.012 1.255 5.129 7.607 2.296 8.116 6.968 3.732 9.620 8.349 9.212 7.071 2.619 0.372 4.304 8.857 1.805 9.091 1.273 7.011 8.715 9.704 3.656 2.684 6.350 0.244 1.083 3.971 1.741 5.048 1.775 1.704 5.942 4.045 2.232 5.714 7.847 9.528 5.999 2.505 0.832 2.882 5.527 6.893 5.430 8.674 9.903 0.836 6.986 2.418 6.470 2.423 4.557 1.389 6.241 6.768 6.203 4.909 1.376 8.456 6.251 1.683 8.008 2.065 2.116 6.979 9.200 
3.315 1.827 1.680 0.927 8.415 8.541 8.612 8.643 3.300 4.991 8.904 3.193 7.642 9.115 2.611 2.621 0.717 1.873 3.354 0.796 7.542 9.666 6.289 4.637 4.046 6.717 2.380 9.234 9.459 7.253 9.649 4.166 2.598 3.398 3.848 4.938 6.261 2.340 6.807 0.585 0.576 5.476 0.639 2.243 1.814 3.036 9.916 7.749 7.890 9.980 1.944 4.199 5.623 2.839 7.358 3.763 7.638 2.614 9.404 8.077 8.746 5.854 0.448 3.027 2.620 4.585 8.577 8.850 9.622 5.906 5.416 0.132 5.765 3.741 8.749 6.511 0.951 8.503 9.925 7.664 1.870 5.224 6.596 5.512 1.255 7.099 5.880 2.490 0.517 9.323 1.705 7.170 7.251 7.592 2.786 7.609 2.556 6.732 4.460 8.342 
5.669 7.510 8.418 9.118 5.045 3.903 9.304 2.209 5.652 8.831 6.048 0.379 2.019 3.688 8.882 9.468 5.365 5.872 0.006 7.948 0.975 8.966 7.074 0.766 8.956 2.206 3.814 6.346 7.453 9.459 1.425 3.694 2.480 3.044 7.662 1.229 2.608 4.421 7.979 0.159 9.955 2.031 4.482 3.040 1.135 6.391 4.033 2.454 3.136 3.892 6.373 5.706 9.447 3.732 6.801 8.850 1.188 6.891 5.643 7.451 6.485 2.115 8.517 2.026 8.856 1.532 7.219 3.303 2.036 7.672 0.968 6.160 4.276 4.456 1.682 1.348 9.950 7.000 4.978 1.003 0.063 8.976 0.694 7.320 6.131 1.711 2.833 3.748 3.813 6.193 9.065 4.593 3.697 7.733 4.181 2.027 6.633 3.149 0.221 9.130 
0.177 2.040 8.388 3.844 0.849 6.945 4.332 1.480 4.138 2.030 8.874 2.774 0.527 6.289 0.859 0.387 1.120 5.222 7.434 9.240 0.920 4.403 9.774 5.067 1.265 9.485 9.047 1.199 5.496 9.740 8.212 5.747 3.524 6.485 0.187 0.042 1.666 3.461 1.816 4.519 3.814 3.549 6.142 0.043 8.849 5.111 2.528 1.087 7.025 1.640 5.340 2.172 5.011 0.445 7.088 0.469 5.243 9.640 1.209 5.589 0.297 7.837 2.994 2.241 7.089 7.633 4.556 2.641 8.914 2.237 1.191 3.371 5.535 4.388 1.998 5.687 2.864 8.105 7.228 9.236 4.105 6.733 8.422 6.565 3.693 5.271 5.165 9.873 3.818 1.015 4.012 2.026 0.868 4.176 0.967 1.045 5.783 9.349 8.833 0.951 
7.918 9.420 4.650 2.192 6.804 5.841 0.487 1.672 9.978 3.084 2.946 5.835 7.891 0.485 2.838 0.229 8.869 1.756 6.732 5.500 8.058 0.932 6.334 2.859 4.334 3.715 9.980 1.739 8.292 4.821 2.914 8.559 2.577 5.208 9.502 8.314 3.071 7.872 1.016 0.038 5.738 7.279 7.230 3.117 9.317 5.433 8.698 3.873 8.422 7.086 9.296 0.896 5.168 7.674 5.371 3.189 9.926 0.152 8.675 7.346 3.451 1.139 5.159 8.697 3.307 2.500 0.637 6.663 7.232 1.821 7.387 6.385 4.893 4.110 2.777 7.097 7.342 7.489 2.215 2.714 0.406 7.654 3.872 1.602 4.242 9.439 1.915 0.613 6.302 8.942 8.333 3.135 9.126 6.374 0.801 2.099 7.476 8.031 5.500 6.690 
1.638 5.606 9.331 5.860 4.959 2.446 5.537 2.620 4.081 9.278 0.371 0.595 9.741 6.451 6.200 8.331 4.509 5.793 8.143 7.450 1.355 2.813 7.220 7.915 3.589 9.159 2.857 7.365 2.349 6.020 1.556 1.789 2.591 1.433 6.541 1.644 2.285 8.380 5.302 0.910 2.430 5.963 8.068 6.588 7.396 2.958 0.469 2.641 6.095 1.630 7.897 5.489 4.530 9.787 7.429 7.838 9.391 0.771 5.533 3.820 0.522 4.310 6.270 1.224 7.348 5.995 5.205 5.937 0.616 9.493 8.807 9.619 6.193 3.577 7.791 4.111 2.079 5.542 5.532 5.107 3.264 3.622 9.469 3.214 1.638 3.695 4.233 2.695 9.746 9.706 0.130 6.878 7.865 3.013 9.568 4.552 3.622 3.184 7.038 3.447 
2.157 1.620 5.322 5.379 2.711 9.853 1.764 2.539 4.431 6.343 3.633 5.997 0.178 9.178 0.882 5.550 2.170 7.197 7.925 4.715 7.402 8.766 3.459 5.901 3.960 5.649 8.815 8.544 1.586 9.289 0.818 7.371 1.141 8.122 4.748 8.843 7.986 7.553 6.608 1.312 3.711 8.673 1.624 8.447 9.146 7.897 7.675 6.091 9.113 7.296 8.163 9.867 6.021 4.631 8.743 4.561 5.040 2.791 6.280 6.616 8.371 0.707 6.415 7.887 9.887 1.651 8.215 2.241 4.307 0.300 0.502 6.548 6.987 6.904 4.687 4.129 1.375 5.522 3.186 1.844 1.265 3.359 0.822 1.654 4.056 9.949 9.030 3.702 9.432 8.208 9.113 0.745 5.075 4.143 1.330 3.137 7.371 8.418 1.176 9.427 
0.385 0.905 2.837 0.158 0.827 8.859 2.554 1.432 0.224 0.400 1.334 0.459 8.044 7.631 7.332 7.417 1.127 7.904 3.095 6.700 5.491 7.505 1.809 5.897 6.257 9.321 9.723 2.714 0.288 4.958 9.002 8.427 3.968 2.201 6.379 1.450 5.484 0.712 8.229 6.131 6.956 2.431 1.904 9.969 6.810 8.257 6.530 7.129 6.896 9.308 3.856 7.326 2.043 9.269 1.183 6.951 1.943 4.183 3.949 3.651 6.614 7.403 5.080 6.487 6.978 0.370 1.921 1.247 1.591 4.374 9.206 4.562 8.986 4.525 8.328 1.025 2.674 4.796 9.002 4.696 2.449 2.172 9.275 0.106 1.323 8.708 3.842 8.120 2.129 2.597 8.588 8.903 1.673 3.245 1.406 7.623 3.133 0.776 5.448 8.494 
9.348 7.387 1.192 9.299 0.639 6.560 7.972 1.633 0.815 6.241 3.928 1.758 4.169 3.793 5.771 3.184 4.417 3.797 6.149 4.878 3.780 4.563 6.985 8.334 6.703 5.606 1.685 2.671 8.074 6.290 7.791 9.373 0.209 5.318 4.329 7.322 6.397 1.835 4.913 4.390 1.294 1.534 8.434 3.983 0.112 5.328 4.127 3.681 9.197 3.919 6.702 8.383 0.333 8.917 0.274 2.207 9.917 0.005 6.921 1.834 1.995 8.127 6.785 8.910 1.076 6.650 1.911 0.696 6.654 6.023 5.228 6.220 6.368 2.587 9.428 9.870 8.890 8.877 7.897 5.558 0.765 1.006 1.297 2.398 3.701 8.534 8.920 7.167 0.070 3.623 3.516 9.730 4.766 9.169 1.929 5.091 0.984 0.177 1.607 9.740 
5.965 8.629 4.777 0.611 0.305 9.795 7.955 2.046 1.040 7.065 4.315 9.975 4.390 3.183 0.406 2.719 8.772 8.039 6.746 4.728 2.520 7.075 3.866 2.945 3.563 9.801 1.546 5.468 0.295 4.892 9.181 8.707 3.802 6.945 9.480 2.350 1.696 0.058 6.037 1.066 2.907 5.119 7.703 8.158 0.946 0.914 9.142 9.098 0.413 4.003 7.467 2.261 7.797 8.676 9.455 0.077 2.993 6.237 2.435 6.276 2.383 2.386 4.714 3.952 7.802 2.503 8.107 4.760 8.276 7.297 6.019 1.708 3.019 5.449 5.380 6.752 4.857 5.637 9.732 9.662 2.971 7.658 3.729 6.476 2.665 1.206 6.453 4.286 7.723 1.353 2.035 4.040 7.828 1.735 1.323 4.609 9.522 0.032 7.559 9.439 
4.229 5.470 2.417 1.778 0.962 4.727 6.070 5.691 4.529 0.914 6.488 7.844 2.273 0.094 8.633 9.415 3.687 1.181 3.809 8.347 7.605 8.015 3.082 9.690 1.101 6.894 6.381 5.764 2.689 8.912 0.651 8.492 0.011 4.091 6.264 3.405 8.760 3.470 0.807 8.551 5.295 6.069 3.278 1.803 0.134 9.970 9.777 6.932 3.288 0.619 3.849 2.192 5.304 4.910 0.764 5.168 9.755 6.592 5.243 4.129 3.951 7.130 6.392 9.269 4.660 6.249 1.953 6.840 4.750 8.119 6.351 5.419 4.854 2.333 3.494 6.347 1.352 3.714 5.782 9.682 8.323 1.308 5.370 2.965 6.424 4.875 2.385 2.542 6.117 6.722 7.459 6.215 6.134 7.733 2.775 1.603 0.610 9.123 6.584 6.754 
9.961 5.616 1.087 8.250 1.206 1.483 2.527 7.359 3.214 8.233 5.329 6.608 1.136 1.572 9.238 7.566 2.135 5.729 9.515 5.619 1.475 5.235 5.500 9.007 3.987 7.787 2.056 7.544 1.010 7.001 1.810 1.039 6.989 0.487 3.439 8.726 3.097 6.990 2.733 8.720 7.497 6.114 8.695 0.927 3.130 5.542 6.479 7.705 4.303 3.603 2.658 4.051 2.765 9.530 5.976 3.138 2.439 9.828 8.535 3.595 9.533 6.797 8.184 2.108 1.373 4.424 2.776 8.625 2.956 7.658 0.907 1.732 4.970 3.330 1.777 8.615 0.828 4.919 8.881 7.444 3.112 8.765 8.403 9.953 1.768 6.350 3.361 8.561 7.349 5.820 8.844 5.452 2.692 6.068 2.000 0.689 5.474 8.361 2.822 2.675 
2.332 3.768 8.254 7.043 2.395 9.449 2.636 9.394 4.439 3.248 2.085 3.252 7.195 3.960 9.084 7.008 6.790 4.174 6.207 2.725 8.760 3.607 4.729 5.237 4.657 3.534 4.645 2.127 4.854 7.054 7.561 3.919 9.840 5.717 2.857 9.070 2.031 0.333 0.523 0.220 8.921 2.677 1.184 6.553 6.259 5.230 4.939 2.083 6.860 8.107 5.871 1.246 6.647 5.871 8.331 1.234 4.568 2.092 4.440 5.184 7.148 6.166 9.651 1.575 1.593 5.167 4.649 2.925 3.634 3.346 7.415 1.267 7.549 3.232 8.813 8.769 6.212 5.251 8.768 9.338 8.413 7.275 7.731 1.086 9.171 1.586 9.969 0.128 6.347 4.339 0.988 3.334 3.442 1.842 1.323 1.397 4.147 8.682 2.886 3.835 
8.960 5.061 2.046 4.413 7.972 4.582 5.754 8.877 6.791 9.157 3.091 6.838 4.483 4.717 4.910 6.221 3.433 9.973 8.428 1.740 1.017 0.581 2.019 8.567 2.156 2.791 7.800 8.540 9.937 3.874 6.112 9.069 8.766 1.462 6.445 4.230 0.788 0.306 4.021 3.453 1.687 2.877 9.807 5.665 6.393 9.778 4.495 5.817 8.723 6.956 3.737 6.261 1.512 9.361 2.734 7.681 5.410 4.867 3.197 2.914 5.218 8.042 4.636 2.360 2.314 0.650 4.963 1.466 0.599 4.659 2.466 9.220 1.174 3.960 2.349 1.528 7.940 2.999 6.258 4.905 2.275 4.115 2.454 3.994 9.994 0.468 7.656 1.089 7.914 8.148 8.932 7.054 0.504 9.319 5.499 0.830 9.370 8.048 5.811 9.033 
9.581 1.845 4.867 8.101 7.237 4.907 0.349 8.873 2.090 3.513 3.877 7.555 7.513 0.143 5.449 7.584 7.668 0.458 4.969 4.110 8.332 6.514 4.634 6.475 3.509 0.312 9.947 4.414 4.708 4.107 5.090 0.496 3.544 7.779 0.526 4.764 1.193 9.000 6.787 7.500 0.163 8.936 8.657 2.546 4.811 4.799 8.190 6.758 7.095 0.673 3.368 0.773 3.168 9.733 1.554 2.535 4.583 4.243 3.398 7.782 5.112 4.510 3.327 1.053 0.502 4.357 7.367 6.674 3.826 8.635 7.657 1.667 3.527 7.760 5.749 1.546 4.739 5.367 3.521 5.561 7.005 7.755 1.403 0.114 3.142 8.034 8.468 7.797 4.657 3.597 7.917 4.765 8.878 2.878 4.506 1.029 1.734 6.223 7.529 6.637 
8.008 6.147 4.122 1.707 7.782 4.246 2.874 9.781 3.818 5.607 6.948 2.092 9.617 6.668 9.326 4.976 2.060 9.193 0.088 3.891 5.675 1.259 7.185 5.277 7.813 5.975 7.603 1.856 5.349 0.038 5.462 7.856 3.828 7.145 7.172 8.137 9.454 5.813 1.539 9.209 2.768 7.210 4.425 0.738 0.445 6.210 3.436 3.305 8.201 8.108 7.972 1.874 3.539 4.157 3.967 4.741 1.742 1.412 0.618 4.563 2.349 6.246 8.525 1.472 6.220 6.339 4.782 8.269 5.181 2.937 0.762 4.197 7.268 3.759 2.631 6.916 0.622 7.038 2.923 1.952 8.186 8.885 3.929 5.091 3.549 9.410 0.088 6.010 5.505 7.851 7.106 0.760 5.197 3.341 0.078 6.620 5.089 5.872 1.571 5.322 
3.406 1.538 3.291 9.691 1.197 7.176 1.759 4.303 1.706 2.177 9.218 2.971 3.359 9.411 5.928 4.537 8.338 2.964 8.900 3.793 8.462 7.715 5.216 6.128 8.877 4.636 5.082 2.971 7.936 6.148 0.962 0.033 8.565 7.874 4.325 1.894 2.396 6.682 0.794 4.577 3.000 0.045 7.834 2.414 8.661 8.440 6.507 6.720 8.314 0.739 0.253 1.579 6.497 2.389 9.220 6.399 4.464 7.532 8.189 5.787 4.988 9.166 9.836 4.769 7.773 5.937 2.733 1.436 0.914 0.251 5.302 9.650 1.364 9.966 2.715 1.638 4.012 5.170 3.681 4.019 4.601 2.268 7.966 1.059 6.512 9.924 3.545 5.850 5.182 5.282 4.345 3.465 6.824 4.343 5.693 0.138 0.020 7.341 4.778 9.051 
9.760 8.566 7.708 6.406 3.531 0.189 3.079 1.096 8.181 1.325 4.351 7.547 4.474 6.845 9.800 4.050 3.438 5.246 9.311 8.283 4.974 1.260 1.879 7.591 4.501 6.852 6.312 4.098 7.855 3.715 0.335 3.747 8.161 1.471 0.083 3.939 0.918 8.406 2.766 6.640 5.171 5.732 0.210 2.513 9.304 2.161 9.925 6.922 9.731 2.859 3.360 0.514 9.564 5.730 8.103 5.482 2.183 8.448 1.902 3.575 1.578 1.599 1.611 3.484 7.304 6.930 9.424 3.284 6.945 4.770 2.084 8.317 3.087 1.405 6.153 6.084 4.992 5.451 3.892 7.518 7.378 2.049 9.791 8.361 0.020 5.113 7.406 5.240 2.265 0.797 9.770 8.565 5.929 9.835 4.371 8.344 8.599 2.480 5.440 9.661 
6.848 7.409 2.151 1.672 5.521 5.122 1.185 7.741 4.915 7.135 6.106 4.580 2.394 4.592 3.992 5.126 8.823 3.752 1.849 3.302 3.002 1.310 1.472 8.754 9.276 9.457 1.651 6.210 4.420 9.185 0.833 7.203 9.990 0.451 1.746 1.542 5.425 9.506 1.827 2.149 5.357 6.962 9.793 9.671 1.831 4.956 9.176 2.585 8.425 8.184 4.262 4.482 8.636 1.468 2.474 2.622 5.309 6.087 9.985 0.933 1.367 8.094 4.082 6.200 4.681 4.533 6.649 8.358 1.486 7.607 8.029 4.511 3.456 2.649 9.474 1.600 3.271 3.009 5.411 4.473 2.319 3.903 3.840 4.527 2.023 7.657 4.308 9.061 7.223 4.826 8.124 3.011 6.011 9.194 4.728 2.830 5.489 9.823 1.494 6.944 
7.009 9.979 1.574 8.433 7.640 1.028 5.933 3.349 6.837 9.220 1.154 2.471 8.602 4.631 4.238 5.161 9.758 4.495 9.235 1.481 4.412 7.646 8.253 2.761 3.148 2.864 1.155 1.396 3.054 1.539 4.105 7.814 1.289 4.261 6.987 6.283 0.565 1.686 3.690 1.489 9.688 2.368 7.285 4.690 6.037 4.085 4.166 1.637 9.804 0.664 7.398 4.425 1.657 3.285 9.718 5.994 6.553 3.834 0.872 9.066 6.406 7.964 2.352 0.971 3.487 7.259 4.944 2.054 4.560 3.110 0.970 8.111 3.025 9.748 3.641 6.662 2.623 0.244 0.485 2.785 1.618 7.237 6.483 2.677 0.816 9.638 5.241 2.187 2.228 7.637 3.299 3.105 7.774 0.963 3.489 2.207 9.013 9.524 8.180 6.727 
9.560 1.324 2.174 5.247 1.593 9.868 8.047 4.821 6.651 2.114 3.805 3.558 8.779 8.512 3.875 2.877 5.013 8.647 9.646 5.157 4.158 9.565 5.051 0.614 9.906 9.003 6.002 1.901 8.397 2.431 9.897 6.127 3.548 1.039 2.851 1.795 5.678 7.666 7.850 2.492 0.276 9.001 6.578 0.087 4.115 5.341 1.320 7.630 5.326 3.699 1.074 6.236 2.560 6.121 7.717 0.764 5.879 2.670 3.958 6.319 8.669 7.764 4.672 1.291 5.497 9.290 7.167 2.940 5.615 2.206 3.954 8.379 5.579 2.275 3.693 7.221 7.326 0.955 2.080 2.117 9.980 9.515 4.709 9.946 4.636 8.982 8.146 9.536 1.419 2.683 3.845 1.411 7.236 9.791 1.868 1.324 0.806 1.581 7.876 2.081 
8.789 6.885 7.350 7.546 3.130 9.638 5.575 8.586 5.117 9.305 0.592 3.207 6.034 4.542 8.994 2.168 7.827 1.445 1.232 6.953 9.708 0.419 3.922 9.112 8.256 9.846 1.535 8.761 9.240 0.526 8.793 5.253 9.131 2.141 8.151 4.910 3.055 1.890 3.779 9.125 3.823 5.879 4.627 1.069 3.571 5.848 4.356 0.823 5.560 7.388 5.191 6.820 8.704 0.922 6.064 6.138 1.518 3.408 2.827 7.434 5.371 6.996 9.761 8.052 9.129 0.656 7.127 1.223 8.598 2.203 9.086 0.153 4.531 1.042 9.945 3.284 2.385 6.513 4.423 9.038 5.505 2.723 9.352 8.957 0.954 8.428 0.106 5.287 3.819 9.685 4.905 2.824 1.517 3.754 4.124 5.059 4.324 5.060 9.735 1.559 
2.187 7.879 2.095 6.901 0.714 5.863 7.459 1.452 1.176 5.523 9.748 0.827 0.324 9.350 4.434 3.938 5.908 4.377 0.688 9.238 2.839 3.688 0.345 4.930 3.179 1.604 8.699 1.760 0.311 8.138 2.652 6.300 3.996 4.626 6.327 8.569 8.355 0.443 2.888 0.311 9.234 0.161 4.027 9.258 0.924 1.615 5.333 0.327 4.734 7.935 6.606 6.847 3.520 0.815 1.049 3.627 6.985 8.032 6.241 8.978 2.245 5.534 2.812 4.625 3.016 3.321 3.812 0.872 8.573 4.748 8.918 9.338 0.632 0.900 2.821 7.133 2.209 5.262 6.403 4.414 7.631 9.006 2.653 1.952 6.940 3.933 6.652 6.529 1.124 8.347 0.422 9.786 6.844 0.958 8.936 0.493 0.610 9.279 3.190 1.090 
2.751 1.936 9.859 6.871 0.914 8.795 4.778 0.158 1.331 8.891 9.240 2.448 3.646 3.757 3.963 4.663 1.692 2.952 5.429 9.346 8.292 9.325 3.296 8.941 6.883 3.887 5.567 1.131 6.585 4.020 0.305 5.617 0.163 4.192 8.804 6.714 6.284 5.379 5.350 2.620 8.443 7.911 2.966 5.381 2.987 2.630 2.863 5.169 7.764 6.909 7.703 8.753 1.124 5.350 5.268 4.802 8.205 9.775 9.601 8.020 7.754 9.536 1.302 0.011 8.101 1.052 7.285 7.248 5.296 5.049 3.016 5.555 9.952 0.994 7.011 6.095 1.837 0.860 8.214 0.031 2.909 8.550 1.757 7.743 0.141 7.059 7.573 3.754 9.218 2.755 9.322 0.382 9.000 5.062 8.219 1.537 4.500 0.238 7.435 3.046 
3.044 9.966 8.005 7.429 4.267 9.035 6.396 9.146 9.668 1.495 7.257 0.985 1.527 1.405 2.239 3.495 4.183 2.483 7.237 7.134 2.897 0.843 5.935 1.164 6.838 6.339 7.086 4.224 3.070 0.985 6.643 8.982 7.851 7.443 3.512 7.308 0.056 6.600 9.518 2.997 9.059 0.913 9.962 6.239 6.042 9.372 1.068 7.731 3.351 0.690 4.555 0.655 1.288 3.648 7.598 5.529 5.487 7.384 8.523 6.409 0.917 9.873 4.715 6.842 0.458 9.838 9.423 0.529 6.993 5.889 8.431 4.755 8.006 6.838 5.869 4.270 0.775 8.795 0.849 9.580 4.449 7.926 3.057 6.326 2.510 2.570 5.957 1.836 5.425 4.757 0.829 0.786 8.672 9.157 3.528 4.436 5.713 6.947 8.531 6.882 
9.016 3.184 1.630 7.405 4.739 8.859 3.436 0.127 8.326 3.045 0.774 0.937 8.919 6.262 1.983 6.883 0.254 3.514 5.180 5.132 4.462 4.331 5.583 6.956 3.122 7.594 9.192 7.212 6.764 0.899 5.261 1.277 0.072 7.807 9.336 9.549 5.035 1.445 1.887 4.226 8.446 9.601 5.034 4.325 3.284 4.732 1.249 2.703 5.788 2.085 3.484 3.134 1.298 0.554 5.738 6.477 2.330 3.778 6.707 2.360 1.743 3.544 6.891 6.917 2.373 3.578 1.276 7.645 2.034 9.468 5.553 3.651 9.420 9.629 3.728 3.261 2.085 2.975 8.920 1.236 2.457 1.302 7.177 4.720 1.590 8.222 6.216 0.408 3.267 1.966 7.122 5.433 2.960 6.348 7.268 0.979 7.149 2.763 6.969 0.735 
8.553 6.216 0.722 5.952 1.936 0.059 6.269 5.107 3.321 7.383 1.182 8.927 2.687 1.796 7.186 0.911 6.517 6.745 7.006 9.365 1.937 0.411 7.191 9.450 8.589 2.788 3.032 2.782 7.897 2.537 8.507 7.690 1.900 3.910 4.981 5.445 5.471 8.173 7.292 6.443 6.391 9.739 4.811 5.637 7.484 4.523 8.089 8.359 3.845 6.911 8.757 6.062 6.005 2.189 1.533 6.512 6.861 3.239 2.337 4.460 6.134 3.933 5.841 6.940 1.187 6.725 9.066 2.008 7.159 8.676 5.064 0.920 2.528 8.361 2.144 1.570 8.440 5.958 9.652 5.332 1.488 0.162 0.876 0.366 9.922 8.532 7.291 1.912 2.751 2.373 6.072 4.140 9.650 3.301 4.560 8.715 7.148 6.308 1.203 2.383 
3.176 3.283 2.392 9.624 7.745 1.746 8.550 6.694 2.231 5.813 0.861 0.206 3.578 0.351 2.120 6.845 2.555 4.657 1.286 0.746 7.166 9.045 1.578 1.615 3.259 6.261 6.178 9.779 4.451 9.789 3.957 3.973 2.611 2.796 0.030 3.940 8.270 4.707 2.400 2.667 7.621 7.230 6.455 2.442 9.022 8.017 3.698 4.812 7.310 8.095 9.681 7.024 8.640 8.691 8.874 6.515 2.049 4.157 0.916 0.666 6.513 0.306 3.576 1.141 3.845 1.682 2.587 0.907 8.487 7.024 7.538 7.262 4.963 9.496 5.957 6.080 2.575 7.152 4.860 0.880 4.764 9.523 0.135 5.284 7.517 8.218 9.372 8.984 7.140 3.017 2.986 5.417 2.814 0.020 1.838 4.011 3.429 5.160 6.937 1.087 
1.374 4.580 8.253 1.285 8.202 3.240 5.211 5.722 8.397 4.464 0.997 4.006 7.787 6.091 6.464 4.699 2.645 3.397 7.105 2.850 3.928 5.001 8.370 3.816 8.713 5.631 0.397 9.762 7.461 8.773 3.126 8.920 1.444 3.007 6.748 8.007 9.377 8.145 0.411 5.019 6.122 1.150 4.237 3.043 9.171 7.258 5.796 5.693 0.563 8.755 2.439 1.303 2.844 2.363 5.110 6.128 7.759 6.398 7.625 6.433 5.460 0.473 7.780 5.589 0.187 3.826 3.111 5.081 5.622 3.149 4.641 7.657 9.421 7.159 6.535 6.789 1.757 3.116 8.232 9.048 7.191 9.968 8.302 5.068 2.600 3.901 6.086 0.333 6.511 4.655 7.963 9.216 6.747 5.199 0.014 4.380 4.001 3.092 7.787 8.969 
8.668 9.149 6.899 0.845 7.066 7.964 5.277 6.533 1.065 5.220 9.003 7.519 2.022 8.756 8.899 3.075 5.947 3.915 4.301 1.863 1.846 8.827 3.764 9.259 9.317 1.961 9.840 8.543 4.643 2.535 6.547 1.867 6.845 4.210 3.637 1.298 6.496 3.826 1.370 1.104 0.413 9.926 3.128 9.942 4.807 0.270 0.933 5.639 7.921 3.660 0.664 5.838 0.779 8.954 9.637 4.963 1.223 3.412 9.074 1.654 2.157 3.203 7.959 1.125 9.585 1.267 2.793 3.726 9.879 1.564 9.837 4.424 8.553 4.210 2.573 7.849 4.747 2.991 7.330 0.129 6.600 5.303 4.273 1.806 2.774 4.700 9.296 5.781 4.445 7.937 4.746 0.477 0.323 1.606 3.360 1.173 4.423 8.333 0.322 1.821 
2.679 8.818 2.919 5.553 9.792 4.006 5.910 4.574 2.181 1.118 3.457 9.142 6.352 8.377 5.200 0.973 4.560 5.878 4.905 8.517 1.274 4.227 5.007 0.323 4.590 8.357 9.325 7.946 6.500 1.200 9.232 1.738 4.718 0.826 5.664 1.239 6.620 5.036 0.471 6.871 2.781 9.462 5.841 1.181 3.589 8.737 9.771 5.943 7.445 5.461 8.921 6.124 3.183 8.363 7.539 2.913 2.518 9.312 2.640 5.806 0.562 8.648 1.114 8.091 3.745 9.679 4.025 0.966 4.839 6.132 7.012 9.021 4.231 0.838 3.391 3.824 5.019 0.012 8.352 2.956 7.131 5.105 8.444 9.006 2.208 3.392 0.460 6.741 6.719 9.219 7.770 6.967 5.467 0.147 0.178 2.428 1.492 6.101 5.459 4.503 
1.190 5.078 6.868 9.443 5.427 5.960 1.122 9.400 8.398 7.565 5.630 6.620 6.027 3.165 2.058 8.811 4.825 1.411 5.734 9.931 0.292 7.855 6.831 3.418 1.181 6.064 9.785 4.227 2.249 3.708 2.016 1.957 3.475 6.929 1.610 9.809 8.160 5.831 6.370 3.164 5.780 4.946 3.397 7.151 8.064 5.211 9.180 4.736 8.323 8.145 5.081 5.603 4.768 8.672 2.060 1.347 8.285 0.369 1.481 4.376 3.919 5.777 5.941 6.313 3.191 4.849 5.206 6.649 1.307 6.635 7.516 3.969 9.272 2.843 5.837 0.107 6.013 7.047 1.906 2.323 9.685 0.028 8.383 9.730 0.544 9.937 0.790 8.064 9.975 5.837 6.528 1.162 1.589 4.518 7.766 8.491 0.652 3.436 8.678 5.472 
