10 10
8.258 4.675 3.130 8.953 7.991 1.288 0.048 5.004 1.095 9.863 
6.607 8.650 4.772 7.687 0.925 9.206 1.688 2.816 6.743 3.889 
8.948 9.462 3.260 7.965 6.275 1.555 4.514 7.618 5.459 5.700 
9.757 4.148 0.751 6.456 2.776 4.974 7.757 1.422 9.926 1.619 
6.613 0.958 3.735 7.373 3.736 7.538 1.399 7.636 5.306 2.720 
5.218 4.090 4.749 5.486 5.069 9.795 5.994 4.335 1.408 6.054 
4.020 6.911 0.951 3.486 4.311 5.185 6.188 9.093 3.242 1.237 
4.190 8.352 2.118 8.565 9.787 6.337 8.630 6.480 3.125 4.707 
0.811 0.653 1.865 2.036 0.244 1.155 3.818 3.415 3.223 0.439 
6.718 1.486 0.851 7.631 7.973 5.185 1.648 2.219 8.765 4.313 
