20 20
3.810 8.972 9.075 2.607 3.067 9.927 6.414 7.092 5.805 2.610 3.048 3.160 1.122 4.861 1.866 9.449 2.017 7.182 5.329 7.859 
9.142 0.224 5.737 2.298 6.941 9.770 5.436 2.058 7.056 1.379 4.689 6.463 9.347 1.245 6.246 8.829 0.490 0.672 5.988 0.716 
3.737 9.089 8.474 1.931 1.148 4.544 4.682 7.844 1.345 1.187 6.783 3.156 1.696 0.464 1.429 0.506 3.712 6.406 8.663 2.993 
4.396 5.731 8.339 2.067 4.320 0.277 9.710 6.057 5.247 2.740 2.717 0.104 6.310 6.607 1.434 5.221 7.903 7.767 1.098 2.786 
6.781 8.327 0.234 0.913 4.109 2.847 8.447 0.811 0.684 3.422 8.677 4.503 9.926 2.820 9.914 0.109 9.817 4.235 2.692 7.237 
9.499 2.109 5.020 3.001 4.925 0.982 0.849 8.668 0.620 8.302 6.664 8.003 1.421 2.799 4.314 1.014 8.854 2.111 9.831 0.980 
1.730 2.128 8.648 8.404 9.479 5.773 7.374 2.841 9.762 0.781 1.058 2.442 8.995 4.477 2.777 1.466 5.527 8.483 9.253 8.052 
0.472 7.859 2.253 8.072 0.400 7.231 0.514 6.036 9.481 1.173 1.085 0.701 6.033 7.278 2.142 1.290 9.875 8.174 1.568 0.031 
2.445 3.067 6.879 8.133 1.171 0.305 2.461 5.207 3.265 9.937 9.476 6.691 1.797 9.252 2.315 9.879 8.669 4.915 3.001 6.768 
4.963 2.431 1.559 1.159 8.995 7.424 6.054 8.174 6.400 3.488 0.735 6.672 4.554 8.210 4.496 8.934 5.746 2.376 4.767 7.408 
9.647 7.340 3.839 5.330 5.818 2.080 5.629 6.572 1.287 4.546 0.931 0.230 6.538 1.561 8.321 7.120 5.644 7.784 6.053 8.633 
2.768 6.989 7.508 3.182 7.709 8.290 9.082 1.889 7.817 5.836 4.732 3.061 2.199 2.971 5.841 4.535 6.861 0.898 8.555 4.017 
6.197 7.455 3.262 0.188 7.059 3.818 2.536 1.509 6.547 5.603 4.514 5.445 3.600 0.181 8.412 8.112 7.499 3.826 7.712 3.240 
3.455 0.745 4.367 9.796 6.627 1.004 4.347 9.587 1.081 5.888 0.785 9.754 9.512 7.348 6.072 0.174 2.839 2.831 8.344 2.491 
6.210 8.010 0.965 5.741 9.387 7.722 5.869 3.354 5.007 9.769 2.919 7.689 7.799 7.129 7.785 1.208 1.469 1.615 0.281 7.872 
7.676 6.038 3.596 4.449 3.297 2.542 2.371 9.002 7.994 1.906 4.235 3.050 3.995 2.380 5.023 4.636 3.966 6.846 2.699 1.839 
0.852 3.985 8.768 0.167 5.655 2.523 8.823 2.690 5.259 7.596 5.813 8.774 2.613 4.814 0.601 5.852 5.856 0.699 4.417 8.786 
1.292 7.822 6.926 3.073 7.521 9.201 1.832 1.382 4.489 9.292 9.122 7.748 1.716 8.243 9.413 0.100 4.588 2.024 1.172 9.764 
6.182 3.467 6.047 6.071 4.847 8.331 1.005 5.251 4.509 6.066 8.527 5.458 5.495 7.131 7.740 3.923 8.579 7.429 0.007 8.005 
3.893 5.722 2.262 9.216 9.381 1.701 0.165 8.179 0.521 0.839 1.005 8.909 4.232 7.087 3.215 2.823 5.041 6.031 5.348 6.428 
