50 20
7.373 7.140 2.017 7.640 1.115 7.798 3.080 4.229 1.520 3.313 1.834 9.189 3.549 2.030 3.890 7.682 9.217 5.119 5.414 2.664 
5.570 5.574 8.252 1.510 5.709 1.323 2.657 7.099 0.084 8.806 8.173 3.404 9.255 3.647 7.993 7.957 7.289 1.901 5.887 7.403 
7.105 8.770 7.675 7.854 5.158 1.625 1.137 8.683 3.112 0.746 9.226 7.031 8.378 4.253 1.518 0.380 3.749 3.376 7.939 6.257 
8.753 0.427 6.974 1.383 1.780 4.627 7.803 7.378 2.592 0.273 2.118 6.551 9.361 7.658 6.728 9.186 3.073 9.604 2.473 3.293 
4.796 5.527 8.479 8.818 8.100 0.523 3.303 0.956 9.748 9.145 6.171 1.379 6.661 2.247 2.131 1.976 6.121 0.555 4.732 2.974 
9.190 0.482 8.605 6.226 4.404 6.099 2.198 4.858 9.949 6.152 7.832 2.506 7.715 6.546 2.243 8.887 1.924 6.815 5.811 3.637 
8.307 3.751 2.802 6.979 7.261 6.587 8.105 4.082 5.804 5.919 8.198 9.760 8.734 2.884 5.378 1.549 8.908 6.036 4.627 2.119 
0.261 0.815 1.939 6.531 4.846 0.549 1.408 5.835 6.971 8.532 5.913 6.213 3.318 7.848 2.870 1.998 7.841 9.374 2.182 1.694 
4.187 8.643 8.252 8.404 6.391 9.112 1.728 9.981 0.692 2.786 9.515 9.626 7.463 9.117 3.501 4.687 2.419 9.621 9.436 9.952 
0.587 8.782 7.461 1.882 4.805 1.425 4.873 1.890 2.935 3.005 9.912 0.052 4.426 2.014 2.578 5.432 7.376 3.058 4.771 5.590 
1.824 5.084 7.452 5.771 3.644 1.667 6.893 7.790 6.134 9.357 5.609 9.675 3.118 5.618 6.102 9.770 8.275 0.103 7.147 3.195 
0.228 1.707 3.047 4.276 1.947 9.103 5.997 5.931 5.990 4.367 0.516 5.814 4.209 7.634 6.743 9.515 1.689 5.774 6.353 3.054 
9.885 9.536 0.787 0.543 3.199 1.767 6.596 7.949 6.559 3.933 6.747 0.625 8.965 9.395 9.979 0.518 9.416 9.691 2.469 8.757 
7.147 4.413 7.424 0.736 7.692 6.161 8.535 3.714 9.933 9.554 2.666 1.476 6.981 7.294 5.655 6.656 5.534 6.876 2.625 8.950 
4.162 8.696 0.819 6.640 0.864 0.039 8.683 9.595 4.213 9.691 9.592 4.238 0.412 4.796 2.479 4.843 0.650 4.953 4.442 0.952 
9.323 8.543 2.356 7.731 3.862 2.801 1.478 4.622 1.181 2.241 9.111 7.786 4.106 9.703 0.480 3.530 3.516 0.522 2.157 3.139 
8.399 3.071 5.610 4.381 6.532 8.318 9.745 1.301 3.085 6.915 6.677 1.870 3.075 4.812 9.376 2.567 6.327 7.433 3.350 0.020 
0.335 8.046 7.031 2.468 7.276 8.091 7.192 7.995 6.299 6.003 6.356 2.236 1.186 6.282 8.908 5.575 6.470 2.479 1.438 8.720 
2.226 6.118 0.673 5.997 8.832 8.572 9.297 7.695 8.247 4.445 5.949 6.351 7.609 3.099 0.728 7.019 4.265 9.625 1.643 8.223 
8.787 7.775 0.636 8.569 3.912 5.177 0.018 3.795 2.936 5.457 1.485 0.418 0.620 2.845 0.215 5.079 3.321 2.291 5.995 3.182 
2.793 2.146 1.788 6.494 9.820 7.071 7.729 6.997 9.724 5.992 5.121 3.476 1.652 3.631 0.694 8.063 7.508 4.439 6.122 2.312 
4.425 4.594 1.590 6.195 6.728 1.139 5.064 8.908 9.515 7.301 0.844 7.343 6.151 9.571 1.965 6.660 6.272 5.226 1.058 7.510 
9.201 8.607 3.391 6.160 0.077 0.722 4.003 7.023 2.472 9.501 8.049 1.894 1.745 7.389 9.799 6.596 8.025 8.859 1.083 3.654 
6.286 2.912 4.404 9.135 3.744 4.659 9.419 2.850 1.538 5.664 4.049 3.732 8.492 4.906 3.073 6.417 9.667 0.919 7.756 0.781 
1.334 0.974 9.783 3.511 7.053 4.977 1.566 9.680 6.589 0.218 2.869 2.696 0.568 8.022 0.611 3.051 8.957 4.921 4.678 9.807 
0.742 9.052 7.664 3.923 5.485 7.145 0.519 9.195 4.848 8.676 9.303 4.835 3.635 1.565 0.460 3.543 5.389 8.117 3.312 0.287 
7.203 0.842 8.874 9.949 2.011 5.230 3.463 6.506 4.350 0.619 4.112 2.471 7.346 0.866 0.304 4.946 4.504 3.704 3.190 3.833 
9.785 1.389 9.092 8.494 3.389 5.507 8.872 1.482 8.706 5.682 8.497 1.808 7.946 5.312 9.035 5.697 0.144 7.445 6.216 9.738 
5.387 0.438 0.686 9.938 3.428 6.120 0.126 0.285 3.158 2.880 3.531 6.141 1.783 2.258 6.107 1.022 9.061 0.480 0.471 0.138 
2.405 5.642 6.179 0.448 3.292 7.216 4.902 4.920 4.028 6.999 3.069 8.196 6.649 9.657 7.212 1.911 2.472 6.611 9.854 0.560 
1.684 9.188 5.352 2.979 7.200 5.649 5.806 0.276 6.032 2.035 6.866 8.347 4.370 8.550 2.078 1.998 9.702 1.697 2.261 8.127 
4.418 7.258 3.351 7.431 0.561 0.829 2.099 7.657 4.645 0.648 4.098 6.549 4.794 2.161 2.700 9.338 9.852 4.956 0.567 3.851 
1.574 0.515 7.830 6.170 6.499 3.531 2.145 1.100 3.725 0.502 6.266 4.686 8.419 6.732 8.219 0.494 8.610 6.948 7.608 7.460 
4.583 5.291 9.166 4.702 6.020 7.647 1.240 7.917 1.924 2.960 2.618 2.724 2.318 0.486 5.799 2.605 8.736 6.766 8.624 3.017 
2.589 9.530 9.061 8.650 6.646 5.690 9.837 7.823 5.064 7.128 0.601 6.580 1.672 1.088 5.377 5.158 4.561 1.609 2.128 1.209 
7.375 4.692 9.486 7.394 4.226 2.653 2.874 5.785 5.608 2.479 8.615 7.896 7.300 8.884 9.912 7.093 2.882 5.265 3.074 9.639 
3.195 4.774 5.794 1.703 2.837 9.312 1.878 2.266 4.627 6.425 8.394 6.075 7.849 2.794 1.927 6.527 5.061 8.290 0.325 5.691 
5.255 6.424 5.140 7.542 8.233 5.413 7.828 0.935 6.233 9.073 9.688 0.838 4.001 8.257 1.511 9.902 7.819 1.694 3.959 7.602 
7.286 9.682 3.813 0.827 1.081 5.380 4.375 8.096 9.359 6.159 0.591 9.348 0.964 1.870 0.708 4.678 3.234 7.770 6.695 8.277 
5.790 7.317 5.020 8.381 7.423 4.088 7.931 0.086 6.958 2.662 2.864 5.483 4.808 5.481 4.284 4.810 1.809 6.399 7.874 3.026 
5.897 1.936 1.781 8.540 5.203 8.088 3.379 4.722 8.212 3.953 2.895 0.224 7.788 3.406 7.179 1.192 6.068 2.590 7.846 6.960 
1.483 4.078 8.109 0.988 7.514 8.231 1.707 0.478 5.176 8.493 5.520 1.335 7.668 0.136 4.681 0.007 6.154 1.338 5.326 0.044 
0.233 1.356 5.441 9.224 5.259 3.058 8.734 2.545 1.430 6.075 9.908 7.476 6.287 2.471 2.292 0.476 3.117 8.951 0.362 7.974 
2.644 8.362 0.401 0.777 4.346 8.536 2.250 8.152 6.746 8.355 3.904 6.742 3.120 9.323 8.598 9.891 0.194 5.917 0.901 4.959 
2.609 9.514 4.385 9.793 5.217 8.778 8.414 4.599 8.573 4.068 5.782 2.217 0.399 4.622 6.038 7.986 7.262 5.097 1.625 0.251 
6.186 2.335 5.212 3.907 5.547 4.188 7.012 2.337 8.202 9.663 0.239 7.592 7.533 3.714 1.409 4.726 8.853 0.576 9.688 3.825 
4.421 6.713 6.133 2.472 0.261 8.169 9.321 2.115 6.873 7.389 8.621 4.150 3.998 1.420 0.156 5.386 1.634 6.830 3.338 8.004 
5.665 6.624 7.830 6.130 6.680 0.992 1.730 9.706 4.792 6.820 1.856 6.453 1.636 0.525 6.091 4.438 3.090 5.039 5.948 0.982 
2.730 4.516 4.738 8.478 6.549 9.688 3.016 4.059 4.041 2.722 8.366 7.992 9.399 2.884 0.975 5.183 9.294 3.345 9.969 5.234 
0.431 5.079 8.001 9.131 0.965 5.945 3.215 4.825 4.696 1.770 8.371 9.711 5.953 1.540 6.656 5.345 6.088 0.634 2.510 8.597 
