100 100
7.522 7.134 5.208 7.439 9.283 0.544 7.300 8.626 1.292 0.228 9.355 4.755 6.964 3.781 4.590 1.503 9.827 8.376 2.911 1.426 6.561 1.755 9.942 8.758 3.592 2.836 6.908 4.893 2.617 4.556 7.260 7.366 2.424 8.554 6.078 1.645 5.280 9.887 2.596 8.161 6.287 0.078 4.513 6.662 3.158 8.496 5.133 6.190 2.070 5.317 0.853 1.764 2.477 4.127 7.018 8.206 0.069 8.604 4.761 7.447 2.419 5.671 0.057 8.118 6.286 6.984 8.965 5.279 9.033 1.719 9.771 3.717 9.165 6.207 3.585 0.413 2.589 0.211 9.832 0.498 1.914 5.331 2.045 6.298 5.773 8.379 2.374 0.908 4.040 1.424 0.298 6.163 2.590 0.667 2.202 9.823 8.226 8.265 3.635 8.327 
0.376 4.846 5.392 9.587 1.185 5.529 7.832 4.917 9.781 8.995 5.297 0.435 9.626 7.376 3.895 6.070 0.124 4.563 1.473 4.608 4.961 1.901 8.160 4.177 9.987 3.188 9.515 4.991 2.896 5.381 2.004 5.239 5.451 7.493 2.330 1.589 6.519 7.781 7.925 6.923 0.834 8.526 5.847 1.671 4.039 8.439 1.256 5.363 9.329 5.065 4.666 1.882 4.793 3.407 9.256 5.300 3.421 2.466 5.660 3.165 9.669 8.358 1.854 0.612 7.464 1.256 0.046 1.802 4.559 3.537 0.786 4.820 7.301 8.168 6.910 2.398 7.991 9.679 6.396 3.626 4.315 4.806 3.718 1.120 6.566 6.349 3.857 4.070 3.784 1.647 1.807 0.028 4.333 6.648 3.059 7.354 9.936 7.560 7.370 5.802 
4.737 4.729 8.933 4.930 2.568 7.558 0.932 8.693 6.266 5.067 1.473 9.897 2.635 3.951 0.845 0.017 5.441 4.937 7.192 8.297 6.676 8.624 8.785 9.017 3.277 4.029 6.300 7.364 2.456 6.610 7.787 2.398 3.836 7.662 2.330 0.314 0.729 3.680 5.791 2.378 6.030 2.534 3.499 9.729 0.476 3.112 0.246 1.558 2.279 6.453 7.544 4.114 7.528 9.367 1.744 5.431 0.181 5.994 4.292 4.703 8.931 8.850 7.218 5.869 5.808 8.536 2.728 2.066 7.962 0.447 5.699 1.384 9.774 7.609 1.820 4.610 7.155 1.051 2.137 2.499 9.699 3.015 6.846 3.528 9.235 3.754 7.310 3.045 5.206 9.643 5.500 1.271 8.340 8.914 4.307 0.701 4.085 1.456 0.515 3.114 
6.410 0.782 4.612 2.609 0.754 9.563 8.076 3.893 2.123 4.890 9.283 4.364 0.650 5.848 3.774 4.463 2.279 3.898 3.247 3.220 6.684 6.078 0.361 4.975 7.984 2.087 3.199 8.822 6.394 8.957 4.057 4.518 0.551 1.197 2.139 7.280 0.924 0.051 8.680 9.212 4.470 2.814 6.033 6.920 9.468 2.051 9.348 3.313 7.357 4.981 0.612 6.517 5.307 5.295 0.005 0.410 9.239 3.253 8.827 9.338 2.075 5.018 1.548 4.269 6.082 8.874 1.952 8.817 1.385 4.255 9.786 1.412 4.923 9.272 9.849 4.172 5.447 3.861 5.022 9.991 0.509 8.578 8.416 6.804 0.815 3.573 7.478 2.027 5.809 8.357 4.696 0.773 1.890 0.579 5.353 8.587 1.291 1.245 2.688 3.190 
5.315 4.529 4.759 9.971 0.348 2.690 5.346 2.844 8.898 0.427 3.284 5.476 0.742 8.496 0.779 7.870 1.188 3.373 1.456 9.811 4.474 8.353 3.161 5.798 0.341 1.563 8.857 5.722 0.939 8.068 1.366 1.785 3.417 6.535 4.146 4.922 0.755 5.669 0.820 3.367 9.718 2.073 0.749 1.863 0.160 9.095 6.590 2.536 4.333 5.723 2.473 7.450 8.349 5.667 8.216 8.475 0.485 9.386 5.804 2.252 2.630 6.016 9.287 6.761 1.851 7.895 8.146 1.280 8.798 7.693 7.281 3.366 8.452 7.064 3.757 4.910 6.591 6.126 1.667 4.267 2.276 5.120 1.639 3.015 2.628 3.143 0.773 3.990 1.246 3.981 2.152 1.880 5.695 5.748 0.446 8.916 2.679 9.323 1.584 5.963 
1.777 0.335 9.991 3.647 9.856 0.879 6.465 9.091 8.711 0.053 3.411 1.281 7.849 6.912 1.859 2.130 2.841 5.508 6.449 0.889 7.231 9.314 0.409 6.734 2.563 1.495 2.441 8.043 6.802 8.278 1.376 7.218 6.140 4.961 2.491 6.681 8.965 7.976 1.447 5.139 3.674 1.892 7.968 3.163 3.880 7.198 1.556 3.643 5.605 3.318 5.846 5.815 1.042 1.400 6.488 1.166 2.643 3.135 9.881 5.795 9.400 5.099 6.507 6.543 4.485 2.933 3.138 7.590 9.656 6.057 2.788 0.100 7.235 1.532 9.884 9.974 4.886 5.219 0.891 7.808 1.875 9.419 7.335 0.743 8.096 8.823 9.044 8.054 8.697 0.780 0.290 1.046 7.869 1.649 0.493 3.112 5.063 8.319 4.140 7.638 
5.711 2.840 1.678 9.880 6.385 8.573 4.267 3.866 1.255 8.250 0.482 6.952 2.698 7.901 2.340 2.719 3.934 5.751 1.326 7.593 5.721 1.848 2.522 7.751 2.265 2.461 6.361 0.698 3.777 3.093 3.084 0.212 4.383 5.324 4.511 4.292 4.466 5.652 1.441 3.189 5.944 8.990 2.628 8.649 7.460 5.549 3.120 6.093 4.036 7.455 5.521 8.600 2.316 0.651 7.663 5.308 8.241 8.379 4.113 7.098 8.689 4.844 6.971 9.310 2.461 1.556 3.478 4.607 8.811 4.271 4.108 9.103 3.661 5.460 5.028 1.400 4.645 5.805 3.055 7.260 6.139 8.326 9.599 2.314 4.573 0.468 2.444 1.419 2.485 2.696 0.698 6.056 7.015 6.977 8.754 0.530 4.833 4.901 9.663 3.602 
0.859 3.132 7.004 4.692 2.560 3.392 7.000 2.798 5.082 5.217 9.426 1.890 5.049 2.393 6.658 8.690 2.441 8.129 5.145 7.452 0.662 9.804 2.485 1.686 4.634 1.423 6.363 4.552 5.550 0.808 8.640 8.111 8.792 8.966 9.056 6.575 8.427 1.121 8.206 0.210 7.698 2.398 8.697 4.671 9.954 6.343 6.772 5.198 8.611 1.097 4.007 6.303 7.854 6.332 0.232 5.400 8.086 3.841 4.246 3.127 1.393 6.076 8.568 4.069 2.654 9.860 8.046 9.014 1.373 6.980 9.867 3.945 7.770 9.478 4.306 1.540 4.244 5.032 1.333 8.127 9.891 7.042 8.139 2.755 1.494 4.790 6.556 5.324 9.074 1.322 7.395 7.564 7.935 0.628 0.788 4.065 1.983 1.088 7.760 0.529 
5.017 9.191 8.489 2.932 7.680 6.063 6.937 4.422 7.817 9.510 9.902 6.380 1.080 5.927 0.923 6.341 6.814 9.710 5.905 8.230 1.467 2.597 7.887 9.713 8.106 1.768 2.914 7.391 5.937 3.445 7.655 3.006 8.184 8.257 2.081 2.890 0.160 5.684 7.312 8.466 1.900 7.533 9.550 7.772 1.350 4.584 5.927 6.705 4.776 6.290 7.029 3.954 0.803 0.740 3.910 5.456 3.260 0.958 4.436 2.587 5.918 4.073 5.013 3.311 9.086 1.859 8.876 7.003 4.052 4.760 1.472 1.780 6.364 6.584 6.707 7.832 3.117 3.796 5.310 1.463 2.518 1.538 7.950 2.325 6.288 8.375 1.300 0.688 6.734 3.083 4.810 2.493 0.703 9.790 9.597 7.402 2.020 2.241 8.552 9.099 
2.552 4.045 8.557 7.670 9.532 9.390 1.504 1.099 3.425 7.877 0.734 6.566 6.289 7.912 3.432 2.583 5.299 5.379 7.574 9.808 9.919 8.216 4.055 1.797 4.069 2.926 0.815 6.937 6.549 6.109 5.952 9.314 3.971 2.591 1.093 9.374 0.499 1.938 4.623 4.922 7.816 6.753 6.765 9.157 6.892 9.462 4.953 5.307 0.390 9.089 8.463 6.702 0.819 5.886 5.850 7.085 4.920 9.647 7.375 8.388 9.197 7.020 7.307 2.273 4.977 4.196 7.774 7.300 3.946 3.994 6.639 5.760 6.711 0.539 6.790 2.939 7.618 0.476 3.175 6.837 8.786 7.004 6.944 8.233 5.117 1.850 3.130 9.387 9.914 0.789 9.441 4.650 7.638 0.278 8.952 7.765 6.357 6.362 8.744 8.759 
7.453 2.119 9.869 7.977 4.288 6.621 1.418 6.030 4.694 6.621 2.914 6.201 4.393 1.994 4.774 0.222 9.744 7.355 6.178 9.229 8.590 5.184 3.295 9.156 7.381 0.323 8.553 3.910 1.258 1.752 3.381 0.206 1.312 5.189 2.714 5.147 9.854 9.239 9.393 1.328 0.214 8.583 0.613 4.532 2.294 0.003 6.524 5.941 8.935 0.909 3.226 4.179 0.995 5.494 8.495 2.484 0.967 0.624 8.822 2.838 5.951 2.143 0.583 1.973 0.845 2.412 6.508 3.846 1.727 1.560 1.000 9.370 7.583 8.214 4.311 6.999 5.754 0.253 6.112 7.091 2.800 2.548 3.546 8.897 7.811 6.542 7.529 1.471 9.651 6.075 3.741 8.861 3.073 4.880 1.545 5.507 1.217 3.843 4.862 9.956 
3.611 0.266 3.971 3.697 9.456 7.171 6.113 7.227 5.723 7.953 5.835 7.298 8.386 0.603 3.050 7.687 2.982 6.137 7.978 0.826 7.597 7.883 7.283 9.149 7.383 1.833 5.048 3.106 4.748 3.404 5.511 7.462 3.471 2.628 1.900 8.710 8.177 8.061 7.163 4.223 2.834 9.498 7.901 8.092 3.244 0.966 2.382 9.539 8.841 8.406 7.172 7.235 8.563 0.964 4.629 6.900 4.016 0.853 5.240 0.153 0.733 4.402 4.658 9.748 4.914 6.088 5.143 0.038 8.717 8.082 5.112 1.797 1.908 0.181 8.469 7.395 1.488 8.862 7.514 5.684 3.737 9.629 9.349 5.981 5.094 3.835 5.894 7.018 9.229 9.723 1.919 9.857 7.750 7.545 3.819 3.403 1.063 0.343 4.234 7.390 
4.115 5.166 4.091 0.488 8.956 4.391 4.171 0.509 2.365 3.112 2.846 9.639 2.161 6.560 5.313 0.046 0.209 1.005 2.342 4.284 3.661 2.617 3.315 0.486 8.479 1.461 9.174 4.512 0.934 1.916 5.785 9.929 3.420 6.623 7.180 1.987 0.678 8.326 1.157 3.601 1.316 2.903 6.795 9.758 7.373 7.267 4.589 1.731 1.593 7.867 5.112 4.029 8.077 9.054 1.377 5.102 7.015 5.712 3.406 7.459 8.315 1.247 0.902 4.119 2.124 0.279 1.381 6.061 6.469 5.190 6.621 9.691 3.543 7.056 9.898 4.281 6.533 4.453 0.089 6.761 8.283 8.095 6.435 5.313 1.625 5.353 9.551 3.802 8.681 6.317 0.049 6.225 3.140 2.264 6.089 4.100 5.108 8.127 5.085 9.977 
2.918 2.903 2.833 7.135 0.072 5.791 5.401 8.881 8.320 1.293 5.260 0.899 9.862 3.532 3.358 6.591 2.587 8.586 3.070 8.450 2.347 3.768 0.338 8.189 5.370 4.469 6.656 4.537 2.076 2.459 8.047 0.427 0.813 4.307 3.680 0.615 6.316 4.998 2.359 6.713 3.068 9.759 3.753 9.060 8.144 6.584 3.959 3.895 1.629 3.038 1.729 9.916 5.237 3.542 2.547 0.421 1.365 7.515 2.628 5.993 5.500 4.519 3.853 7.949 4.637 9.865 3.691 4.623 3.143 3.001 1.230 0.966 5.386 1.456 1.571 6.914 1.364 5.114 6.075 1.502 7.556 9.157 5.174 7.811 0.252 9.128 3.841 8.488 2.764 8.286 7.155 2.780 1.054 5.636 4.893 3.852 4.578 2.874 9.575 9.447 
0.438 9.829 1.971 9.908 9.287 0.944 1.736 5.008 0.872 9.832 8.518 5.110 5.561 5.010 0.686 2.724 5.778 7.537 4.619 7.746 7.864 0.480 7.416 3.327 0.558 0.875 9.831 9.641 1.024 7.163 4.251 9.661 3.166 8.980 4.635 4.435 5.818 1.576 1.439 5.369 0.318 4.191 4.796 7.511 7.979 0.242 3.458 0.957 8.002 7.322 5.361 7.146 5.492 6.686 8.034 3.038 7.415 5.173 3.575 8.941 1.569 7.305 3.385 5.105 9.942 1.693 2.464 8.123 3.182 3.823 1.706 0.619 7.341 6.775 9.335 6.768 7.538 2.527 9.385 1.763 5.730 9.098 5.970 5.526 1.384 2.965 6.975 9.657 4.549 1.986 9.750 1.918 0.514 1.313 4.421 4.379 4.090 3.712 7.487 9.775 
9.368 6.106 9.551 5.586 7.761 6.196 6.201 6.883 3.112 6.525 0.342 7.081 7.696 8.555 7.624 0.413 7.064 5.931 3.964 1.124 4.848 4.430 5.666 2.206 0.867 5.856 8.112 0.822 7.208 4.553 8.614 8.468 7.278 8.127 2.635 1.415 2.270 8.483 0.316 0.976 7.971 5.334 1.972 3.775 2.380 1.978 7.116 9.325 1.219 2.329 1.391 5.940 4.102 8.922 9.790 6.328 8.848 3.955 2.559 1.003 5.236 9.276 2.233 1.106 2.353 6.696 6.427 2.178 5.616 6.980 1.183 6.956 0.535 4.451 3.963 8.367 0.322 4.268 3.704 3.562 3.574 1.118 7.716 6.029 6.442 1.326 1.715 5.624 0.891 5.192 9.737 5.706 7.018 2.748 5.307 2.464 2.699 4.063 3.859 3.990 
8.296 4.729 9.106 5.696 7.625 8.220 2.839 4.272 8.934 9.452 8.452 4.512 1.275 8.048 3.382 2.096 2.279 5.592 4.636 0.669 3.142 8.416 4.536 3.417 5.365 6.414 0.966 7.742 1.717 8.750 7.484 6.613 0.746 9.375 3.909 1.709 0.213 8.795 7.237 1.543 9.820 3.706 6.079 2.447 7.759 2.744 9.220 1.491 8.746 4.901 0.312 8.202 3.463 6.945 6.286 6.308 0.623 7.561 6.604 7.607 3.227 8.877 4.139 7.574 0.029 0.546 6.160 6.314 1.679 7.587 5.691 9.095 8.583 0.873 9.307 7.821 4.135 8.280 7.359 8.569 2.633 5.306 6.546 0.548 5.938 6.274 2.798 8.727 6.734 1.089 4.479 5.750 9.096 7.996 2.096 8.772 9.025 9.755 0.885 3.321 
8.559 9.224 6.918 9.451 7.146 0.476 5.700 5.071 3.060 3.265 4.631 7.553 5.830 1.878 7.149 7.541 7.869 4.279 6.892 8.179 9.804 3.777 4.801 8.929 9.365 3.418 0.727 5.594 8.119 2.790 3.799 7.195 3.797 8.005 2.601 5.976 8.562 8.242 7.016 8.913 5.117 6.421 8.486 7.893 3.267 7.342 4.413 0.947 9.280 3.920 5.431 8.819 9.163 1.051 1.335 9.520 4.878 7.044 2.657 8.519 9.393 4.602 0.015 3.737 2.498 6.855 2.668 2.609 4.332 9.112 1.049 3.144 7.689 3.663 5.390 2.128 3.351 3.226 4.084 1.393 4.920 8.451 0.856 7.434 0.935 6.250 9.491 0.564 2.403 8.697 8.427 7.237 3.313 6.705 5.275 3.251 0.180 8.781 3.080 6.104 
4.217 2.766 5.975 1.940 6.341 7.677 1.745 6.251 0.906 3.502 2.826 7.783 8.765 9.119 5.217 1.930 4.097 2.396 6.924 3.319 2.267 1.949 3.647 7.255 7.923 7.064 9.664 6.225 3.527 0.825 6.112 0.767 8.551 1.635 7.201 3.651 8.690 0.004 7.288 2.562 2.612 0.725 8.201 9.228 1.018 5.375 6.711 2.317 9.047 6.460 6.628 7.307 8.476 2.453 8.657 9.012 0.527 2.487 3.834 1.500 3.638 0.520 3.135 5.687 3.062 1.422 6.706 7.107 0.789 5.618 1.001 5.039 4.949 4.681 1.131 9.469 7.612 7.575 8.706 4.200 8.667 6.131 2.530 2.860 1.346 8.773 0.687 9.488 1.884 3.520 7.723 6.946 1.781 4.846 9.903 4.477 6.179 4.118 4.891 0.408 
5.998 0.005 9.524 7.193 4.628 3.524 0.876 3.798 2.214 2.185 1.284 4.760 1.887 9.081 7.588 6.176 2.627 5.714 8.512 6.315 2.897 1.839 1.777 2.632 7.645 1.684 4.333 7.509 8.848 3.519 4.921 2.233 6.366 8.744 8.057 2.431 1.538 7.425 2.498 8.482 0.723 9.490 5.268 1.244 9.751 4.736 4.388 6.860 3.136 0.150 9.611 4.390 3.800 0.141 0.670 6.507 0.091 3.771 6.788 6.651 6.853 3.245 9.573 5.629 6.506 9.591 3.773 6.917 4.183 4.707 6.838 2.693 8.275 3.795 8.759 1.948 3.982 8.541 8.235 7.979 2.874 9.359 9.827 4.985 5.851 4.541 9.524 2.568 0.405 5.158 2.862 2.502 5.620 7.259 0.582 4.317 9.968 7.050 1.724 4.935 
7.620 0.494 2.980 2.921 8.744 6.132 6.166 9.708 8.043 8.727 2.753 8.607 3.663 1.848 5.521 7.361 5.517 9.457 2.632 1.534 8.050 0.158 8.663 4.127 7.541 2.881 0.484 1.486 8.124 9.462 3.248 6.749 3.901 7.852 3.228 9.910 6.744 9.463 9.740 7.880 0.704 5.582 7.978 8.874 4.267 0.684 8.236 2.876 1.166 5.010 4.676 4.023 8.916 4.811 8.596 1.298 1.781 6.305 6.965 1.096 1.538 8.581 6.880 8.963 5.008 1.429 0.574 8.070 2.131 6.390 3.609 8.834 2.107 3.215 0.957 7.517 8.019 9.327 1.851 1.595 2.259 6.913 4.448 6.225 6.074 0.830 5.644 9.227 6.599 0.623 9.704 1.674 3.846 1.655 1.757 7.386 8.299 3.599 8.669 7.412 
7.003 9.354 0.310 4.932 2.329 3.827 8.839 1.928 2.952 9.957 2.241 1.410 1.033 8.862 1.075 8.074 3.028 2.061 4.156 5.801 4.157 6.336 9.721 2.613 8.132 6.005 3.532 2.389 4.442 3.106 4.291 7.962 5.207 3.344 9.821 2.023 2.446 4.475 4.475 0.701 4.423 4.307 9.434 9.638 6.698 7.435 2.733 3.921 9.466 3.437 5.124 1.323 7.837 4.375 1.222 2.971 5.807 6.105 2.773 6.769 7.857 6.206 2.320 6.691 4.335 1.101 1.097 5.421 8.100 6.342 4.511 8.685 0.238 6.990 2.270 7.146 2.119 9.475 7.873 5.713 9.511 2.433 3.972 0.743 2.055 1.615 5.942 2.773 7.982 3.164 5.880 6.110 9.655 0.308 3.208 6.939 0.231 0.822 6.101 8.397 
5.561 6.502 9.986 4.527 8.284 1.330 5.559 4.952 3.011 1.992 8.937 8.660 2.476 3.021 0.835 8.398 4.577 8.899 9.996 6.803 9.350 7.207 8.488 1.645 3.077 0.118 2.947 0.333 3.988 6.368 6.338 3.163 0.293 2.193 9.424 0.726 6.652 7.693 9.739 3.341 9.627 4.551 8.585 9.417 6.112 2.126 3.347 5.248 1.330 1.549 3.219 0.910 4.557 1.648 1.379 5.615 1.433 6.281 5.540 1.218 1.455 9.966 1.886 4.360 8.016 7.578 4.434 6.180 6.266 4.317 3.035 3.477 0.946 4.161 8.411 6.747 2.365 8.578 1.917 8.611 3.721 2.387 1.017 0.803 7.084 0.380 8.886 9.133 8.545 6.523 7.976 3.576 5.235 7.415 2.935 5.042 8.274 3.016 7.804 1.232 
6.007 0.641 6.116 1.511 1.363 2.678 0.162 4.707 5.622 4.571 7.518 4.398 8.445 7.252 8.708 3.350 0.624 7.347 9.803 2.542 1.680 9.297 7.697 0.452 9.190 5.792 3.813 5.164 0.497 6.831 4.096 5.226 0.346 3.137 9.255 5.196 9.881 6.685 9.466 8.312 3.468 9.617 1.970 1.854 9.809 3.017 8.370 0.378 2.953 8.630 0.795 8.280 6.995 9.921 2.566 5.876 5.439 3.657 9.525 2.567 2.567 9.575 2.740 6.546 9.463 3.638 1.985 2.994 1.796 9.894 2.045 1.714 9.936 6.999 0.720 0.790 4.534 8.108 8.189 4.970 2.315 7.022 2.303 6.240 7.476 9.221 3.346 9.290 3.866 3.755 4.782 6.466 1.880 0.800 3.636 5.175 1.881 0.168 5.259 5.693 
2.890 8.036 2.440 8.874 1.256 2.729 8.128 1.321 9.083 5.520 4.299 0.267 6.292 9.111 6.957 1.630 3.373 4.679 8.662 2.468 4.115 8.227 5.537 3.437 8.912 8.324 5.243 7.735 9.589 0.275 6.106 0.514 6.120 6.251 5.232 6.737 4.114 6.999 5.248 6.102 9.465 8.334 5.133 0.763 3.186 4.860 0.476 5.336 5.145 4.068 2.478 8.944 0.097 6.309 3.017 5.899 3.286 9.998 5.177 5.043 5.669 6.856 4.793 7.722 0.804 8.983 8.758 0.903 6.398 8.142 0.113 5.065 3.553 7.738 8.266 6.107 5.893 9.688 5.086 6.783 8.895 1.601 4.064 5.930 6.990 4.541 0.257 3.104 2.331 7.974 3.308 2.154 4.425 6.494 4.478 9.740 4.317 2.372 1.338 3.806 
0.450 9.081 0.517 2.655 5.900 3.540 9.760 7.399 8.281 9.045 5.421 9.295 4.313 6.570 0.468 8.747 0.742 9.470 1.132 4.623 2.151 5.473 7.354 0.915 4.008 0.281 3.374 2.761 6.273 9.148 9.991 5.383 8.823 6.289 9.300 7.565 5.052 7.190 6.015 5.993 4.067 5.499 6.934 7.958 5.112 4.487 1.486 7.743 0.070 2.858 1.892 6.333 1.187 6.050 0.979 5.008 1.546 7.154 9.402 0.855 5.220 6.019 1.660 6.250 2.527 1.241 2.128 4.975 3.362 7.294 8.107 4.790 8.193 8.311 6.805 9.981 1.973 0.734 7.135 7.720 0.967 9.382 5.191 8.899 6.283 5.368 4.386 7.505 0.765 9.719 7.353 2.583 7.828 3.571 6.927 3.374 1.784 4.370 7.781 1.286 
9.305 7.634 8.638 2.043 0.704 5.519 7.350 7.556 7.976 6.695 7.621 9.855 3.698 6.844 6.627 8.767 1.249 5.458 7.412 0.913 2.124 2.587 8.544 0.110 0.576 8.652 6.239 8.252 9.282 1.522 0.931 1.357 2.293 7.684 1.082 7.650 3.127 8.513 1.927 3.221 6.548 8.409 5.810 6.130 2.309 8.873 3.769 1.644 7.928 1.490 5.129 9.723 5.434 3.202 2.977 0.813 3.945 9.273 8.625 7.576 5.921 2.911 7.428 8.241 9.989 5.628 1.630 1.958 7.341 9.121 3.346 7.721 1.895 7.704 2.200 6.246 6.620 0.132 7.694 8.489 9.756 1.043 5.934 5.461 4.991 5.168 3.996 1.395 9.106 1.994 2.920 6.416 9.072 4.575 2.083 5.423 8.121 3.879 3.536 7.057 
6.964 9.184 4.777 0.369 1.950 5.845 2.392 7.055 6.737 4.023 7.018 3.996 7.831 5.867 2.147 4.233 7.198 4.085 5.449 4.493 7.109 1.820 1.482 3.889 3.322 2.330 8.951 1.555 2.796 7.094 3.961 0.585 1.220 2.639 3.156 1.907 3.802 9.676 7.058 4.483 0.045 2.890 4.430 7.583 9.474 6.156 3.108 6.780 0.698 5.872 1.340 7.793 0.572 4.591 6.417 1.331 3.731 8.226 4.114 7.691 5.317 2.694 3.319 2.020 1.322 0.099 5.099 9.867 1.646 0.260 4.416 7.949 0.716 0.725 5.727 6.876 9.297 7.312 0.770 1.019 8.995 7.603 7.994 5.641 7.872 1.880 8.296 2.977 1.583 9.499 0.965 7.027 9.495 3.879 7.127 1.483 9.350 5.932 5.303 6.434 
7.215 4.022 5.196 7.292 1.708 8.375 1.343 3.698 2.765 9.214 7.795 7.099 5.584 0.836 8.710 3.150 9.833 8.378 7.376 9.128 2.636 0.031 7.989 7.133 1.464 5.150 0.346 1.035 9.620 7.840 7.457 8.806 2.721 6.395 0.115 2.197 9.269 1.246 0.386 2.552 2.258 7.986 8.154 4.945 1.578 7.440 0.922 2.819 8.918 1.792 7.324 1.830 7.877 4.302 9.051 4.693 1.995 0.320 4.225 8.479 2.572 8.943 7.654 2.055 6.297 7.959 9.842 4.114 9.935 9.506 7.169 1.611 5.643 0.263 0.217 4.309 5.832 7.928 5.854 3.634 0.915 5.236 1.434 3.046 6.770 3.847 6.171 2.738 1.312 3.038 5.655 3.654 1.138 2.354 0.294 4.490 9.936 3.084 7.476 0.686 
0.038 0.792 0.247 6.200 7.331 9.961 2.351 7.318 7.577 2.286 0.684 2.691 9.127 2.124 1.349 5.328 3.012 6.207 4.817 0.387 6.406 9.804 9.006 7.237 9.623 8.264 6.493 5.518 9.925 1.075 3.513 2.670 7.701 5.416 3.942 4.787 1.844 7.541 1.017 3.525 1.536 3.302 3.197 9.298 1.066 3.562 8.285 4.995 2.781 6.389 1.681 5.076 0.848 5.483 0.477 2.041 5.081 3.518 4.994 6.001 9.794 9.813 3.313 3.362 7.348 4.067 2.387 7.465 9.881 1.781 1.365 7.453 5.563 2.400 8.944 1.589 7.636 8.239 6.744 7.802 5.493 0.818 4.964 7.304 7.104 1.330 4.941 6.815 1.193 3.699 5.572 1.125 5.746 1.895 7.079 0.522 6.697 8.021 6.051 6.944 
6.881 4.040 0.327 8.649 0.761 7.965 0.903 5.640 4.825 4.823 0.741 7.118 7.048 3.793 7.162 7.860 1.353 5.501 5.291 2.540 4.642 7.703 4.947 5.756 4.604 3.282 2.321 0.795 6.270 1.840 0.774 2.029 4.087 5.026 2.217 4.231 4.112 6.176 1.634 7.073 7.899 6.853 2.526 4.596 5.586 6.444 0.346 7.565 0.793 6.076 4.284 1.232 3.992 4.825 5.185 2.302 4.243 4.437 8.827 6.637 1.390 8.582 9.302 3.614 2.111 4.067 6.824 3.935 3.606 4.336 7.938 5.171 8.082 0.127 3.797 3.351 9.740 8.182 3.945 9.506 3.467 6.569 8.890 7.236 1.064 4.334 4.612 1.075 6.538 3.969 6.140 5.739 6.683 7.504 5.321 3.165 7.000 0.874 0.008 7.666 
5.863 6.703 8.019 9.491 1.754 2.601 9.428 3.630 9.383 0.660 5.031 3.775 0.566 3.955 7.134 1.029 4.812 7.555 1.220 3.152 2.796 4.778 3.520 2.949 3.084 4.266 9.986 3.707 8.798 9.810 6.797 5.547 6.267 2.815 1.134 8.973 2.136 6.778 3.687 0.989 8.884 4.224 1.104 4.702 1.251 9.180 7.444 5.515 7.701 2.451 8.576 5.738 1.700 2.693 2.422 4.697 7.335 3.639 0.958 3.309 2.610 6.660 6.980 0.465 1.585 8.328 9.760 3.550 3.483 4.601 8.956 6.964 2.859 6.869 5.369 0.591 9.967 0.184 0.496 4.829 4.586 0.701 4.229 0.025 9.745 7.618 1.462 5.921 3.988 4.707 3.936 1.072 2.171 7.897 3.206 3.123 5.100 8.338 4.247 8.262 
7.768 4.844 6.954 2.247 4.422 5.696 4.525 5.961 6.251 7.413 3.561 5.630 4.085 7.278 0.620 1.554 4.183 7.174 3.889 9.485 9.908 8.576 6.690 5.615 5.904 2.447 1.578 9.589 4.235 3.218 9.977 9.868 3.876 3.009 2.455 2.359 5.938 0.864 9.047 6.278 7.056 1.841 7.348 0.903 2.458 2.535 8.487 3.077 8.454 2.840 7.558 8.109 1.273 8.573 5.593 6.061 5.491 5.961 4.749 1.341 0.682 6.943 7.024 5.954 9.291 3.716 9.509 5.823 2.275 2.049 5.966 5.193 1.557 5.487 5.351 6.259 9.983 6.778 2.778 9.918 0.135 8.598 7.397 8.788 3.077 2.958 4.657 5.522 6.932 7.580 7.517 7.821 3.026 7.923 2.310 6.546 4.290 5.593 0.166 4.839 
6.556 7.394 4.157 4.277 8.470 4.431 5.696 8.731 9.835 7.354 1.055 7.834 1.371 2.072 0.380 9.721 1.135 0.124 7.064 7.088 4.112 9.202 4.921 1.478 1.875 2.332 4.265 8.222 8.624 8.672 5.692 8.459 8.408 4.967 2.120 5.260 5.867 4.333 5.486 8.075 9.461 8.221 4.404 3.376 1.820 8.177 2.998 9.730 6.579 6.304 9.202 2.312 4.867 7.251 2.837 5.322 7.484 9.939 9.983 0.723 0.716 4.283 0.295 8.256 4.720 6.719 8.259 4.765 3.487 8.448 7.645 0.565 4.458 2.039 0.842 6.752 4.091 5.252 1.228 0.186 2.863 5.777 7.192 2.197 9.544 6.947 1.076 2.970 9.887 2.435 4.882 6.064 9.346 7.441 7.339 6.504 2.890 4.933 3.675 1.545 
7.553 8.148 0.265 5.299 4.950 4.743 1.229 7.186 1.681 3.714 3.004 9.432 5.266 3.571 5.929 0.679 2.069 9.066 8.975 1.197 1.516 4.268 4.863 0.143 7.839 1.744 8.071 6.848 6.577 1.182 7.439 6.219 8.086 5.936 8.454 2.990 4.464 2.623 7.671 0.782 9.419 7.189 3.190 9.708 2.893 0.668 0.611 0.619 3.512 9.216 3.494 4.983 2.336 5.970 0.965 6.859 0.761 6.761 2.839 7.479 3.955 7.786 4.382 3.508 8.718 0.964 8.676 7.271 1.306 1.909 4.430 0.883 6.402 6.165 1.047 6.575 3.176 1.713 0.770 2.285 8.148 9.600 9.816 5.060 7.466 9.987 6.527 4.717 3.101 7.931 4.811 6.807 8.467 1.763 5.374 6.975 9.010 7.052 5.604 8.489 
2.441 0.847 1.335 0.934 1.436 4.126 0.207 0.836 8.878 5.215 6.812 4.340 2.025 3.284 4.438 7.965 7.311 9.008 6.844 5.939 1.965 8.947 6.200 1.636 2.070 1.289 0.111 6.254 9.262 3.205 1.458 0.007 9.869 4.279 9.687 9.840 0.972 6.200 1.144 2.964 7.593 6.252 9.043 7.327 4.026 0.965 0.767 8.588 0.184 6.800 1.324 8.081 0.764 6.657 6.981 7.837 0.995 4.648 2.396 6.795 7.830 6.630 7.857 7.002 9.499 0.725 0.667 9.833 9.552 0.301 6.138 0.022 3.748 1.678 9.206 9.658 9.433 0.240 7.220 5.219 7.437 1.532 8.150 8.141 5.902 8.450 6.113 3.523 3.992 1.691 7.920 2.092 0.943 8.254 0.162 7.763 2.532 1.965 6.247 6.829 
2.744 0.768 6.757 5.089 3.106 7.829 4.514 6.098 5.996 7.371 7.812 7.095 1.084 1.610 1.434 9.167 5.969 2.152 5.259 4.720 3.088 7.788 4.551 8.426 5.009 0.742 4.321 7.493 9.330 5.111 2.595 3.290 2.581 4.511 3.817 9.185 9.768 0.725 4.184 8.750 2.492 1.555 5.261 4.455 3.933 4.004 0.878 9.376 3.428 8.419 5.009 3.545 6.833 0.286 5.111 2.098 1.440 9.013 6.217 4.601 5.800 7.198 5.988 3.587 5.502 9.655 9.860 5.690 5.675 8.777 8.467 0.547 9.792 1.688 6.577 1.083 2.209 5.079 3.933 3.758 8.805 5.627 3.598 8.875 6.058 7.461 2.665 9.166 3.959 3.260 3.511 9.508 2.267 2.254 1.212 1.858 2.792 6.676 4.119 7.273 
2.609 7.992 0.183 1.231 4.425 5.638 1.158 9.361 0.681 3.924 0.452 8.191 7.378 7.266 8.128 9.527 2.123 9.977 8.298 7.681 8.416 4.466 9.991 5.943 4.852 0.888 2.480 2.374 3.521 2.052 9.994 5.315 6.695 9.678 8.757 5.846 4.643 2.008 1.391 7.814 0.291 8.185 9.855 6.053 8.367 1.834 8.288 9.924 7.668 4.838 1.404 2.423 5.107 2.421 2.412 4.742 9.350 2.365 6.833 2.396 9.980 4.398 5.021 1.828 5.403 0.647 6.746 5.719 8.986 4.405 5.741 1.162 8.281 2.393 0.783 7.330 6.624 5.228 2.576 8.276 9.869 1.841 2.465 2.140 3.581 6.241 9.850 0.144 7.606 9.188 0.049 7.540 5.628 3.114 3.339 3.887 7.053 5.926 8.878 1.950 
7.343 8.209 4.351 2.867 0.817 8.794 3.256 0.230 6.819 5.635 7.018 7.251 6.188 2.540 8.338 9.279 9.960 7.387 5.540 8.597 6.389 4.179 5.057 9.635 5.523 9.525 0.665 0.545 2.811 3.952 3.584 1.396 4.522 9.838 7.138 0.182 8.119 0.678 3.334 5.294 0.136 0.927 6.390 7.146 2.624 1.689 0.034 2.229 6.752 5.176 1.227 0.047 8.777 0.056 2.838 7.085 9.269 0.524 1.766 2.264 1.196 4.290 7.026 5.159 6.309 8.517 4.384 1.701 2.088 8.213 0.274 2.008 3.457 8.555 7.938 1.567 4.465 1.206 3.003 0.053 5.163 4.808 4.008 1.747 8.025 1.517 5.836 7.735 6.448 4.715 0.423 2.834 5.080 7.825 9.640 9.571 8.036 0.546 9.838 7.407 
6.429 6.771 6.185 7.911 1.052 7.937 7.601 5.597 9.543 6.627 9.920 9.723 9.916 7.875 5.679 4.548 3.946 9.816 3.868 4.223 4.566 1.055 1.909 3.802 1.190 9.478 5.158 9.682 5.643 6.067 6.308 1.220 9.283 7.760 8.192 0.211 8.771 5.354 8.726 6.473 3.980 6.055 5.963 5.861 6.562 5.386 4.584 1.701 1.790 9.848 2.531 1.851 9.490 9.997 7.955 1.389 2.110 3.402 2.151 5.244 9.247 8.332 3.755 6.048 8.352 1.955 3.090 9.891 0.731 1.341 3.296 6.759 0.447 1.622 6.601 2.973 1.296 3.277 9.954 0.157 3.616 9.723 4.107 8.941 8.386 7.132 4.222 5.919 0.784 0.696 8.057 9.199 9.199 5.469 9.894 1.333 8.524 5.323 4.503 8.327 
8.509 0.582 5.644 0.020 8.912 3.442 7.874 0.184 3.271 0.435 8.758 4.364 2.175 2.852 0.976 9.697 5.160 9.332 0.273 3.741 7.517 9.602 5.713 8.665 4.656 4.752 3.284 3.103 2.003 7.362 2.543 6.392 2.824 4.298 8.679 8.995 9.891 6.064 9.176 8.476 9.410 9.213 5.047 2.565 7.280 2.524 1.523 9.567 8.397 3.394 2.042 1.654 9.474 8.216 2.393 8.423 4.641 9.367 8.931 6.519 0.934 1.922 5.968 6.074 7.737 5.146 2.604 6.273 0.202 7.430 8.543 0.424 1.727 8.447 1.801 5.600 4.689 8.984 8.543 3.104 1.800 7.180 6.806 3.829 2.689 9.687 1.337 6.901 1.607 7.679 6.373 0.922 2.530 0.541 6.841 4.582 7.331 4.604 6.136 7.463 
1.218 0.327 0.429 2.432 7.135 8.974 5.271 8.201 7.479 9.020 0.154 4.327 7.133 3.260 0.655 1.233 6.561 9.931 5.787 4.663 7.506 5.002 0.287 7.386 6.700 8.272 7.685 0.961 4.905 2.870 0.230 6.873 9.615 6.344 5.996 9.470 9.762 1.650 1.829 2.795 9.922 8.034 3.202 9.584 9.653 5.057 8.461 3.556 0.857 7.826 5.518 5.393 2.349 7.864 3.576 8.763 6.177 2.016 1.144 5.201 4.664 1.253 4.296 5.678 0.627 2.329 5.891 2.310 5.767 7.868 7.312 5.798 3.866 4.630 9.169 2.911 6.058 5.487 6.352 3.631 5.217 7.924 5.873 9.385 5.271 0.776 2.971 2.236 9.141 1.348 2.143 9.850 5.907 7.061 4.922 2.600 3.798 9.340 5.535 7.262 
0.655 2.575 8.867 6.418 7.607 7.690 2.584 3.895 4.921 8.102 6.682 4.358 1.153 5.655 9.295 9.525 8.098 5.500 7.123 4.363 4.349 1.851 2.541 4.124 9.714 1.002 7.094 7.076 1.234 4.103 2.901 8.409 9.088 9.788 9.297 7.953 7.271 5.954 1.928 8.035 9.629 0.735 5.500 8.132 6.549 5.028 9.360 9.778 1.409 2.814 7.199 8.629 8.763 0.943 8.293 0.520 8.141 7.067 7.916 4.936 8.352 2.964 8.804 2.348 7.203 0.614 3.907 1.587 0.685 0.102 3.044 9.602 3.827 1.638 2.520 8.760 2.669 8.843 7.312 6.179 3.101 6.784 9.978 5.493 7.673 6.210 9.108 3.925 5.906 4.931 2.833 6.575 7.136 8.348 9.674 5.421 7.425 3.768 9.851 2.693 
3.760 7.332 5.045 7.002 9.354 8.128 3.596 5.893 3.656 1.389 1.095 0.314 9.456 1.527 3.449 4.940 7.327 6.234 0.605 3.228 4.579 4.841 4.347 7.626 1.885 7.713 2.851 3.453 5.780 8.588 7.976 9.627 9.364 8.442 8.723 0.638 6.682 7.731 5.688 1.943 8.529 3.653 6.885 5.306 8.699 0.481 4.904 1.525 0.058 3.924 8.973 5.434 9.270 5.010 3.245 2.138 7.469 5.003 4.357 3.991 1.713 0.553 7.166 5.032 8.700 7.410 7.455 3.267 7.857 1.820 4.335 1.509 5.696 1.026 3.126 4.308 7.071 8.172 1.533 1.927 1.909 2.345 8.131 2.272 7.822 1.507 2.313 8.242 0.078 4.604 9.188 1.037 0.399 9.304 1.193 9.634 5.183 3.472 0.612 2.868 
1.941 1.761 3.627 3.303 9.943 3.505 7.059 1.482 7.387 4.482 3.523 4.994 2.762 3.049 9.381 9.308 2.496 0.654 2.560 6.335 0.477 7.800 4.094 2.285 7.559 9.155 8.058 8.541 0.818 5.702 9.469 7.997 2.945 7.553 8.672 4.571 1.948 8.399 3.761 5.488 0.103 1.417 9.652 4.293 8.963 6.905 3.571 7.555 4.166 3.916 1.936 9.744 9.752 1.728 2.859 8.858 6.775 2.120 1.838 0.041 5.076 0.097 5.611 5.652 0.273 8.974 0.570 8.017 0.273 5.535 7.674 5.471 6.879 2.373 5.382 3.159 8.451 7.430 5.751 7.586 9.001 5.293 6.558 7.908 7.568 0.832 4.089 7.546 9.304 3.420 7.032 6.904 6.269 9.151 1.843 1.633 1.661 9.221 3.881 1.231 
5.873 4.964 6.637 9.548 6.645 3.904 3.461 2.243 8.384 6.616 2.331 6.144 7.663 1.214 4.425 2.044 2.921 0.819 1.494 5.539 6.389 9.509 5.407 0.176 5.432 3.938 5.596 3.406 8.616 1.053 6.600 8.605 9.094 7.163 8.425 5.792 4.167 9.991 7.012 9.565 5.265 3.264 0.742 5.255 6.991 2.930 1.642 3.329 7.384 5.114 6.670 7.663 4.082 8.586 5.344 5.482 2.695 8.692 4.837 5.458 4.356 5.434 2.622 5.764 9.177 5.743 9.777 5.719 1.107 8.808 5.133 3.055 7.569 3.811 1.590 3.837 4.188 1.404 1.139 3.567 0.864 3.815 4.382 6.122 0.549 3.618 3.682 1.824 6.160 7.886 6.478 7.165 4.247 2.676 6.718 6.488 6.259 2.653 7.930 0.276 
9.589 1.991 0.991 5.609 0.874 5.662 3.317 1.812 3.520 4.706 3.894 8.367 9.853 5.146 0.348 2.728 5.889 7.852 0.065 2.878 3.284 5.814 7.280 3.151 8.745 6.080 2.001 2.133 5.875 5.883 4.654 8.326 8.268 6.404 2.420 2.634 5.482 3.020 9.358 6.721 5.494 7.904 2.649 2.815 8.181 9.417 1.522 3.640 4.451 2.835 3.787 0.795 4.749 8.670 7.266 6.148 8.836 8.080 9.900 3.557 5.960 9.673 2.784 7.633 0.887 8.407 5.011 2.099 6.550 5.213 7.800 2.827 8.558 5.459 8.137 9.647 0.263 5.474 8.880 6.600 9.641 8.932 3.139 2.499 0.843 9.127 5.628 2.358 3.972 8.886 2.631 5.546 6.351 7.215 5.255 8.353 7.348 0.626 7.715 7.081 
6.714 7.529 3.540 2.737 3.281 6.115 7.799 9.928 6.859 9.657 2.697 0.671 1.245 8.345 7.255 8.482 0.333 3.418 9.133 9.315 2.516 7.623 8.164 3.732 0.789 5.861 6.630 9.013 7.271 1.215 0.933 0.817 1.220 4.543 2.944 1.504 9.050 0.292 7.004 6.217 3.317 7.254 0.336 8.471 5.236 0.627 0.453 4.113 1.847 0.916 3.033 6.247 4.675 5.981 7.699 4.023 1.422 4.825 7.140 5.004 6.063 5.630 7.116 4.252 5.547 5.947 1.003 3.244 3.254 9.980 2.773 8.248 0.333 6.457 6.528 0.909 6.095 0.701 9.087 3.424 7.749 6.216 4.473 6.935 7.943 4.348 5.631 4.523 5.804 5.389 9.214 9.564 3.480 0.894 3.856 6.085 5.536 4.881 0.992 0.244 
2.978 1.130 9.994 1.102 7.197 4.814 6.156 4.423 1.620 9.379 0.890 5.420 0.514 3.712 8.399 5.076 5.041 0.460 2.025 9.958 6.400 3.609 6.510 7.267 4.693 2.361 9.487 5.322 0.015 8.764 6.630 4.577 9.189 8.547 0.151 5.881 7.549 8.191 9.539 0.717 0.244 6.378 6.819 2.870 1.607 4.678 5.968 2.146 4.356 0.542 7.585 8.596 2.587 5.519 5.454 0.005 3.849 2.989 1.176 6.321 5.931 2.621 6.737 2.209 3.426 3.285 2.537 2.879 7.629 2.217 0.214 8.995 0.847 5.838 5.401 3.609 2.859 6.849 5.450 7.755 2.878 2.946 1.125 1.678 5.156 4.837 9.265 5.477 0.141 5.106 5.522 6.346 5.970 4.916 2.391 9.615 6.993 2.535 7.978 7.259 
7.027 6.249 5.221 0.699 5.073 4.341 9.580 4.339 0.345 6.501 5.647 2.516 1.643 4.301 9.539 5.335 3.312 3.170 4.497 8.176 6.366 4.676 1.650 5.609 8.688 5.881 6.588 2.884 2.642 2.020 5.055 7.226 1.940 9.821 7.883 6.743 2.141 1.426 6.061 6.922 0.760 3.029 1.789 3.403 3.670 8.151 0.274 5.013 4.179 2.719 0.066 2.874 9.996 8.068 6.807 9.824 1.139 8.347 6.398 9.337 8.768 0.889 8.823 4.702 0.921 1.602 3.094 7.254 6.164 2.607 7.157 7.185 0.297 6.031 3.951 1.610 4.402 6.095 6.296 2.400 4.801 1.483 8.787 0.610 6.737 1.321 4.458 5.254 3.998 1.071 7.628 1.636 6.097 9.108 2.029 8.496 3.129 0.846 5.096 3.803 
5.961 4.893 5.134 6.215 6.021 4.883 7.960 2.917 4.644 1.438 3.568 4.848 6.643 0.965 1.402 7.173 6.598 1.918 4.881 6.260 9.192 4.571 1.975 4.393 6.873 7.351 8.840 9.982 9.085 1.357 7.767 4.145 7.368 4.804 9.056 4.160 9.750 0.825 8.797 0.548 6.003 5.325 1.013 7.296 2.593 6.377 3.122 4.091 2.450 3.045 8.264 5.350 0.024 9.451 6.685 3.283 6.552 9.397 1.056 1.271 3.921 7.933 7.405 9.453 8.060 8.887 4.134 6.524 4.431 1.535 6.514 0.533 8.829 5.388 2.989 6.695 6.466 9.345 2.649 2.118 1.097 0.366 0.300 5.729 3.800 7.236 6.713 6.656 7.986 7.017 6.835 5.886 3.133 5.329 8.005 4.058 4.859 6.738 3.567 2.973 
3.013 8.215 4.635 9.570 2.651 6.888 4.260 8.931 5.003 3.116 3.720 7.219 6.834 1.285 0.282 6.343 6.961 3.697 9.382 9.649 8.119 7.372 1.913 1.931 0.834 9.707 9.050 7.679 3.552 6.513 2.891 8.625 9.831 5.164 1.069 5.385 9.122 6.358 7.463 8.250 2.375 0.258 9.132 9.053 7.517 6.718 1.700 9.434 2.703 4.684 1.538 0.795 7.168 2.901 3.324 7.774 0.503 2.595 5.788 0.165 1.203 2.952 6.823 7.855 4.475 1.867 1.515 9.596 7.450 7.742 3.084 9.181 7.183 2.870 7.281 1.968 3.124 5.357 5.335 0.587 1.105 4.458 9.212 1.135 0.322 3.717 5.623 0.212 8.241 7.341 2.017 8.731 0.970 7.893 8.609 0.594 8.174 7.566 5.373 3.072 
2.348 1.044 1.926 0.959 1.964 5.287 1.190 8.478 6.820 0.440 4.857 1.275 1.764 6.517 9.773 5.830 1.923 2.498 9.600 5.149 8.519 8.064 5.372 7.689 9.418 3.290 1.866 1.124 2.668 8.347 4.149 3.794 4.463 3.464 0.077 4.450 5.189 9.280 0.048 5.255 8.523 9.018 4.920 3.913 8.909 6.927 6.591 8.272 2.161 1.879 3.512 0.770 2.433 1.115 5.102 0.691 6.332 6.733 4.931 9.377 1.587 6.716 2.366 7.217 3.323 3.046 6.385 1.575 5.765 1.767 3.238 1.613 0.967 3.722 1.755 9.404 9.040 0.154 6.195 6.697 6.262 4.346 6.791 3.212 8.453 9.031 2.358 5.462 7.036 9.462 7.706 4.739 4.330 3.681 0.972 9.134 2.774 4.817 2.427 7.235 
0.039 5.015 6.873 0.496 8.266 7.030 6.269 7.189 1.047 7.394 7.928 3.293 6.176 4.628 6.276 4.743 5.678 6.985 2.972 1.035 7.201 6.885 1.002 2.344 2.437 3.333 3.244 1.033 8.919 9.429 4.981 3.729 1.300 9.346 2.827 1.964 6.979 8.037 9.640 7.795 8.841 7.401 6.106 5.813 4.768 4.588 4.925 4.430 9.587 1.748 2.747 7.491 0.167 1.600 8.387 1.873 8.469 9.921 3.204 7.960 0.556 4.307 0.993 7.686 1.778 8.340 0.273 9.175 9.677 1.721 1.412 7.884 6.479 9.818 4.680 1.687 2.506 0.620 3.041 1.316 0.289 3.139 5.231 8.193 6.750 8.906 0.530 8.857 7.387 7.439 6.520 8.881 2.121 7.284 5.052 9.484 7.151 6.545 9.710 6.880 
1.003 0.710 0.090 7.801 5.792 1.007 4.389 4.633 6.652 3.537 1.992 0.094 3.278 7.983 2.008 4.521 7.561 4.826 2.048 8.469 0.424 1.701 3.917 9.543 9.126 2.751 9.358 5.173 3.542 9.677 9.501 2.400 6.240 9.549 6.239 1.627 6.511 2.380 2.422 3.768 2.952 0.964 0.428 9.279 2.682 6.562 5.477 3.111 7.820 6.623 0.849 1.831 1.466 4.925 7.086 7.837 6.096 0.293 6.195 0.902 7.022 7.326 4.902 9.120 2.372 1.471 8.075 9.720 8.895 1.228 4.573 5.219 9.823 2.234 3.007 1.885 7.017 1.578 4.138 5.592 4.669 5.814 9.983 4.804 5.927 2.808 7.091 1.653 7.012 5.837 2.897 9.842 5.615 8.164 9.600 2.470 1.654 7.662 9.564 3.772 
8.858 4.053 9.902 6.234 5.043 5.777 1.611 8.595 7.439 9.599 0.371 0.818 6.988 3.695 1.982 9.295 2.126 4.110 5.277 9.251 8.250 5.291 9.326 1.607 3.796 7.647 9.743 8.414 7.668 9.027 1.017 4.353 5.595 2.394 7.894 1.795 4.944 9.014 9.071 3.436 8.496 5.021 0.724 9.609 7.709 9.351 5.709 7.051 5.166 2.736 6.681 2.114 4.016 0.687 7.836 4.183 9.497 8.223 0.473 4.436 3.898 0.462 2.186 0.961 1.708 1.162 8.112 3.729 6.096 0.751 5.384 1.956 1.376 6.517 8.694 1.984 8.627 0.177 5.702 5.959 3.307 2.308 5.935 0.313 4.293 8.826 5.748 8.345 3.605 2.033 4.962 3.025 4.785 7.618 7.858 4.573 5.836 9.465 2.360 2.318 
9.501 6.069 6.436 1.893 9.665 5.999 0.008 6.900 7.723 4.897 4.022 8.844 6.847 3.255 5.680 0.369 5.274 2.418 0.319 4.588 1.966 6.119 5.941 7.663 9.296 6.170 5.952 2.687 7.781 3.943 9.342 0.410 7.278 3.718 5.222 6.353 7.595 0.068 0.412 4.485 8.968 9.080 4.597 4.769 9.498 2.385 7.468 5.612 2.304 3.726 6.210 2.547 9.886 0.130 9.736 1.311 6.990 3.583 8.115 6.881 6.132 4.596 1.813 0.033 1.858 6.008 5.566 9.479 0.799 3.968 5.948 0.779 4.646 3.156 0.067 2.835 2.260 4.970 5.176 9.044 5.319 0.707 5.463 2.920 9.135 6.524 2.804 7.394 6.577 3.383 2.818 2.853 8.396 3.113 6.247 1.503 7.669 1.205 8.342 4.631 
9.558 8.049 5.739 4.964 0.163 2.935 1.131 8.477 9.803 9.325 0.912 8.699 6.787 5.657 9.968 1.894 7.447 3.275 0.758 3.289 6.988 1.921 0.951 2.975 3.623 3.703 4.989 5.040 5.326 8.420 0.197 5.054 4.559 6.711 7.277 9.109 1.364 2.627 8.392 2.264 9.337 3.886 3.422 5.508 2.146 6.351 6.431 8.068 0.522 9.077 9.910 6.311 0.936 7.642 3.916 1.338 7.532 6.426 0.912 4.872 8.324 5.003 4.768 7.057 5.141 9.868 4.199 0.396 4.347 0.356 6.705 1.200 1.997 6.793 8.999 3.654 2.741 9.688 3.850 1.876 6.529 1.052 1.295 2.197 0.982 2.852 4.230 1.305 0.139 3.020 4.581 5.855 2.223 6.437 6.405 5.682 0.053 6.900 6.574 5.864 
7.777 6.177 2.018 2.517 6.715 7.968 4.892 3.439 1.269 7.832 3.484 7.514 3.107 4.951 7.211 6.097 8.100 7.989 8.611 5.557 5.886 5.236 3.907 2.576 6.339 8.728 6.392 2.881 0.701 3.106 3.686 9.645 7.701 2.599 0.723 9.981 6.596 3.696 5.213 6.642 9.715 6.854 1.320 7.358 6.868 7.861 0.249 6.056 2.738 8.385 3.584 8.643 6.264 5.664 6.306 0.972 7.935 3.299 1.665 8.188 6.902 8.663 9.318 2.694 4.863 7.596 1.497 2.686 7.800 3.704 9.347 4.382 9.792 7.877 3.050 8.894 5.398 3.411 4.829 9.003 8.388 3.536 3.568 2.027 4.943 1.064 3.357 2.435 8.908 4.382 6.036 1.895 5.136 0.077 9.532 5.034 4.517 0.130 9.651 6.355 
0.914 0.744 2.859 7.479 5.878 0.716 1.536 4.138 1.759 9.474 1.228 9.234 7.646 8.872 1.475 1.639 5.397 8.198 7.962 0.428 4.981 8.911 3.913 0.725 9.297 4.142 2.955 0.484 8.741 8.164 3.975 7.138 4.832 2.670 0.899 9.314 0.462 0.022 6.784 1.561 1.491 8.378 2.118 9.402 0.777 0.022 1.809 7.924 1.033 2.157 4.001 9.591 7.389 8.915 6.517 6.003 3.949 4.393 3.562 3.901 1.254 9.183 6.083 7.910 3.129 7.017 4.118 1.194 2.076 3.925 8.415 0.515 2.116 9.604 1.597 4.004 6.781 9.580 6.256 8.388 7.816 7.194 8.492 7.360 7.074 6.410 0.609 4.335 0.070 0.059 5.959 0.917 4.729 3.210 2.258 7.072 2.941 8.087 7.068 0.208 
5.739 5.176 0.633 8.150 5.134 4.994 6.724 5.362 6.957 6.377 1.783 2.651 9.397 0.051 6.252 8.072 1.367 0.791 9.706 0.776 3.311 7.523 3.165 0.167 0.607 8.325 7.799 9.849 6.342 6.523 9.116 9.593 5.896 4.786 9.698 8.846 0.534 6.460 1.550 2.114 0.968 7.246 1.234 9.992 4.739 5.792 7.049 9.576 3.184 8.727 7.802 4.509 4.746 4.274 6.896 8.038 1.413 8.679 3.869 2.086 4.216 1.391 7.850 1.592 1.855 8.178 3.894 6.133 3.788 6.181 3.653 0.199 5.404 1.288 6.423 9.399 8.245 6.132 5.267 2.350 2.712 6.549 5.592 7.017 4.122 5.362 0.349 5.894 5.568 5.017 6.833 6.552 2.641 4.763 4.985 2.819 5.729 3.818 6.006 7.114 
5.357 9.316 3.169 6.342 4.845 6.642 3.732 2.119 2.385 0.267 2.056 1.108 1.601 5.147 9.189 2.756 5.613 2.353 3.484 9.818 4.705 7.691 0.115 1.735 1.762 8.790 4.775 2.114 2.875 4.367 8.282 9.391 2.692 9.205 4.327 4.045 5.432 9.754 2.208 6.706 2.824 8.203 0.000 8.912 9.649 7.361 1.347 2.327 6.073 4.785 0.808 2.848 3.485 2.179 8.531 3.141 7.168 5.291 4.921 0.914 4.833 0.317 9.910 0.486 4.735 5.072 9.483 2.065 0.923 7.140 4.154 6.570 6.043 6.588 0.268 3.783 3.996 7.873 5.181 8.157 5.785 4.125 1.659 9.712 1.907 7.103 5.147 7.095 3.768 7.827 9.974 6.104 4.766 6.138 6.986 9.768 8.922 2.237 5.651 5.409 
1.264 9.658 8.230 0.025 9.476 7.041 2.274 7.814 0.812 5.601 0.386 2.663 1.713 0.219 2.984 4.064 0.128 4.747 0.615 7.038 2.173 6.283 7.252 5.386 5.396 8.919 4.987 2.877 0.686 4.814 3.537 8.815 3.649 9.271 5.045 2.839 4.126 6.983 5.837 8.778 9.486 8.591 1.960 8.934 3.257 0.251 4.632 8.224 5.772 4.074 5.025 2.328 7.565 3.946 5.239 5.135 9.450 9.510 3.739 8.642 5.458 0.920 9.073 2.740 6.088 8.320 5.254 3.282 9.703 2.966 5.836 4.246 9.314 1.406 1.426 3.900 0.503 0.196 7.128 5.409 3.751 6.243 2.246 9.535 1.082 7.089 4.500 0.766 2.594 6.164 4.889 8.512 3.166 0.379 7.450 1.847 3.470 1.288 0.154 9.675 
2.240 6.501 9.372 8.190 8.693 5.027 0.549 4.009 4.976 8.778 1.959 4.472 8.570 2.627 6.777 6.243 3.690 7.049 1.084 9.589 8.875 0.682 1.875 8.478 5.241 4.926 9.650 5.989 6.125 9.067 4.778 0.440 4.229 2.394 5.423 0.099 6.805 9.235 7.558 3.399 2.888 3.923 4.361 7.139 9.153 5.331 3.086 7.347 2.561 4.805 2.439 6.174 8.659 7.055 2.397 3.493 4.120 0.915 1.480 3.699 0.894 5.730 3.496 6.647 7.242 9.572 7.004 6.591 7.810 7.514 5.868 4.571 0.898 1.711 8.597 7.745 6.147 0.210 7.463 3.855 9.949 8.063 5.811 0.214 9.073 2.603 3.391 4.399 5.242 4.522 5.105 8.172 4.687 7.792 8.101 7.063 7.062 4.411 5.824 5.521 
7.534 4.435 5.299 1.564 4.354 7.839 5.742 5.468 1.744 2.384 2.361 4.182 4.572 0.831 9.162 6.881 6.940 1.624 8.494 7.352 1.556 9.448 3.082 5.754 0.554 5.984 8.416 5.703 1.307 6.572 9.445 2.596 2.661 5.554 5.800 5.631 8.053 1.568 3.969 9.070 1.989 4.259 3.241 7.954 5.481 5.503 4.571 9.693 4.224 1.529 8.016 5.743 0.518 7.130 4.894 6.929 6.243 9.516 5.381 1.877 9.558 7.326 0.942 0.483 2.417 9.802 3.663 3.407 9.490 2.183 1.326 4.127 1.601 6.043 7.921 2.301 8.442 7.435 4.143 5.871 5.964 1.491 1.416 4.624 3.599 9.439 5.979 9.804 5.270 2.847 6.652 2.737 5.986 0.387 1.056 0.424 2.765 4.378 0.251 7.591 
4.608 7.945 1.027 2.772 1.283 8.762 8.422 0.662 4.815 2.029 8.423 4.202 0.717 3.586 2.267 7.629 8.279 3.892 9.268 6.094 0.479 4.952 4.698 8.331 4.479 5.239 2.858 6.342 3.092 2.143 3.216 0.111 6.054 7.550 9.228 5.926 7.539 9.782 5.309 4.080 2.923 4.312 7.297 5.401 3.497 6.431 5.726 6.401 2.558 1.350 9.215 9.612 0.109 1.089 7.394 9.147 6.271 2.970 8.903 1.459 5.398 1.511 0.217 7.804 3.926 4.081 5.314 8.039 4.984 0.821 4.540 5.000 1.938 1.014 3.405 4.973 1.215 1.335 8.512 2.516 1.949 6.231 8.332 7.251 6.360 7.067 1.118 6.164 0.063 4.600 0.891 7.401 5.987 8.842 5.145 0.589 9.032 1.461 4.683 4.320 
1.165 8.470 6.814 3.571 8.253 5.152 8.045 8.571 0.614 0.933 1.367 1.902 8.987 9.207 6.223 2.474 6.452 6.015 6.349 3.401 4.658 1.910 1.824 5.814 9.655 3.334 6.841 2.138 8.633 3.415 4.027 0.481 3.870 7.211 9.410 6.444 4.358 3.106 9.586 9.859 8.714 0.334 4.036 1.769 5.227 2.414 1.113 1.297 6.196 7.646 5.758 2.963 4.080 0.775 0.663 2.473 6.381 4.416 0.317 3.052 4.704 4.918 9.114 4.967 0.946 4.932 0.542 8.069 0.221 4.200 4.374 0.875 5.751 0.762 2.730 0.028 5.748 7.158 3.887 0.781 6.053 0.029 4.806 2.596 5.207 6.990 9.489 3.894 0.514 1.644 0.479 6.535 4.677 6.154 5.077 3.696 2.612 0.948 6.193 4.495 
7.161 2.785 0.138 4.892 0.611 5.699 0.102 7.219 6.153 4.115 4.619 0.010 9.702 3.851 4.841 5.728 7.896 4.605 3.159 6.445 2.465 7.086 8.343 6.566 4.703 8.971 9.190 7.294 6.272 6.515 9.473 9.670 4.228 2.817 1.902 1.777 8.776 9.525 7.715 0.931 2.073 6.042 1.604 3.584 5.103 9.192 8.692 4.024 7.608 6.750 1.466 7.957 2.895 0.221 9.762 8.577 5.393 5.834 6.155 0.830 3.833 7.849 2.456 4.238 7.077 4.934 0.391 5.852 2.760 8.666 1.013 2.727 1.167 2.976 2.899 7.603 8.061 4.786 8.765 2.432 0.538 8.971 3.793 1.837 9.406 5.330 6.639 2.620 0.079 1.281 5.887 6.057 1.515 1.645 0.529 6.837 9.349 6.043 2.940 6.260 
5.048 5.230 6.793 7.571 7.626 9.946 0.346 8.154 8.291 9.792 7.640 6.733 1.240 5.053 6.278 3.676 5.729 1.387 0.656 9.047 5.563 5.880 3.794 6.142 2.169 3.092 9.237 7.902 6.544 1.394 6.901 9.823 3.539 3.156 3.174 5.746 9.174 7.170 6.112 2.295 7.985 8.060 1.164 3.588 2.754 5.357 1.467 0.366 3.411 4.453 9.489 6.682 5.364 2.679 3.558 2.907 0.091 6.394 3.629 5.960 2.399 9.163 5.554 6.401 9.480 6.851 2.069 7.283 6.568 2.770 1.721 1.545 2.870 4.899 4.050 3.089 9.235 7.643 0.472 1.705 6.012 2.569 5.530 3.493 5.480 6.169 2.427 6.562 8.334 7.784 0.105 6.429 7.767 7.532 6.510 6.758 7.910 2.337 4.155 8.883 
5.605 7.966 9.586 7.867 5.780 6.347 7.969 3.806 1.078 0.408 7.634 4.512 5.785 3.147 7.108 9.768 2.630 3.732 8.987 7.947 8.527 1.043 0.758 2.919 1.991 4.265 2.626 2.922 0.599 0.889 6.344 3.338 1.617 4.789 7.040 2.157 2.715 0.933 2.151 0.339 2.543 8.710 7.675 9.237 2.874 2.864 2.211 3.788 5.012 9.598 3.456 3.260 3.183 5.518 0.224 1.029 6.783 8.797 5.407 1.044 1.484 5.184 1.754 1.461 6.480 6.286 2.877 5.228 1.408 3.951 6.473 3.361 1.887 2.499 5.363 9.074 6.998 0.053 4.705 0.000 5.553 1.303 0.457 1.300 0.521 6.640 5.026 4.647 2.600 6.805 0.920 6.762 4.613 7.935 2.179 6.504 8.110 9.218 6.376 1.299 
2.389 4.223 7.062 2.173 3.988 7.451 7.662 1.570 1.641 9.598 3.054 9.693 7.662 8.639 4.310 3.202 1.772 8.939 5.418 4.747 7.522 7.292 8.195 3.061 4.581 3.044 3.059 1.085 2.470 9.273 8.840 3.977 2.548 3.368 4.389 9.750 5.471 8.293 8.399 2.738 0.745 0.323 1.544 4.171 3.479 5.114 6.810 4.670 1.003 1.566 9.733 0.692 8.627 2.167 0.140 0.634 9.471 9.233 0.955 6.610 8.068 8.768 7.627 4.750 1.202 7.571 3.860 0.288 2.338 4.635 5.415 3.667 7.894 4.890 3.999 0.423 4.630 1.905 7.510 0.717 7.423 6.305 1.227 4.027 5.870 8.326 6.947 0.745 6.294 6.197 3.512 5.199 2.961 6.852 2.683 3.965 8.659 1.847 8.918 9.258 
0.090 9.303 0.227 9.636 8.009 2.185 0.008 9.305 5.479 4.311 6.509 2.900 0.201 8.096 7.428 4.782 8.460 2.230 1.998 0.589 8.926 3.240 1.938 4.108 4.257 2.215 5.578 4.322 7.279 6.814 6.635 5.949 6.362 9.164 0.186 1.721 1.534 2.216 3.637 6.205 8.879 0.713 9.730 9.058 5.782 8.050 1.976 0.269 3.734 6.986 0.276 1.153 8.551 0.421 5.968 2.654 0.116 8.290 1.035 6.856 5.044 7.954 5.809 8.522 6.039 8.459 3.134 0.911 1.125 3.502 4.659 4.222 4.422 4.023 6.705 5.543 7.700 8.965 8.975 6.383 8.538 1.926 9.272 7.579 6.598 2.194 1.340 1.636 4.251 0.961 0.965 9.425 1.617 7.387 7.558 1.553 8.895 4.633 4.562 4.715 
0.843 2.968 2.269 9.841 9.194 5.645 0.859 1.963 8.890 3.347 9.834 1.397 3.100 4.691 2.392 2.023 0.179 3.551 9.761 5.265 2.934 8.763 1.004 7.694 6.910 8.134 8.419 6.088 9.710 6.665 7.270 6.278 7.840 8.336 1.305 1.101 1.026 1.926 2.293 8.415 6.506 3.925 2.615 2.264 7.411 5.805 4.869 9.018 0.033 8.669 1.382 5.581 4.494 5.593 9.539 8.624 2.149 0.887 5.942 2.188 0.902 5.898 3.524 5.986 6.549 3.020 0.972 8.274 4.246 3.113 3.066 5.221 9.235 6.669 3.877 3.416 0.098 5.761 2.167 3.335 0.961 2.044 9.765 9.380 1.319 5.912 9.246 6.459 3.434 3.274 6.782 3.978 7.653 9.367 9.713 5.586 5.377 3.514 6.059 7.038 
7.931 4.807 4.979 5.165 7.110 6.310 3.025 8.061 9.804 4.597 0.891 0.346 4.771 2.144 9.357 7.639 4.362 2.451 1.122 1.208 7.809 1.630 7.302 7.199 5.535 5.633 3.511 4.788 5.887 9.290 0.660 4.148 6.656 1.918 9.859 8.231 3.824 4.353 9.152 1.981 9.063 3.978 2.195 8.881 5.708 7.541 5.456 7.436 0.137 6.413 1.020 9.636 1.822 5.264 6.664 9.253 0.640 3.110 3.531 0.383 4.496 5.185 4.400 5.614 3.752 5.122 2.341 8.835 1.547 9.600 0.386 9.836 0.680 1.774 7.692 6.592 8.405 5.562 6.690 6.379 0.227 0.185 8.678 8.747 2.591 3.221 2.423 1.752 2.203 0.897 1.485 7.851 6.659 6.299 1.147 7.371 7.053 9.814 5.152 5.566 
8.238 1.162 5.736 3.955 6.602 9.144 7.858 7.816 8.312 3.428 9.977 9.526 3.281 2.534 9.256 1.773 1.372 3.560 8.630 5.571 7.729 2.105 6.842 5.476 3.561 5.384 0.240 8.454 7.149 7.564 6.892 3.420 7.462 3.981 9.440 5.643 9.302 0.112 2.945 3.934 4.644 1.895 8.005 8.809 9.519 6.322 7.367 6.658 9.615 5.111 6.418 8.391 0.626 9.692 3.988 0.950 1.303 2.739 0.206 6.675 8.141 0.072 2.322 8.536 0.700 6.846 7.804 8.972 5.650 3.650 6.387 6.232 5.814 1.400 9.196 4.959 7.733 8.701 3.614 7.046 7.539 1.750 7.105 4.753 0.324 4.789 1.880 0.494 2.596 8.598 4.984 6.791 0.887 5.623 5.142 5.435 2.170 2.910 8.557 7.087 
3.294 8.256 0.705 1.264 7.377 0.702 0.182 1.930 4.788 3.825 3.617 5.767 5.186 9.162 7.789 8.604 4.907 7.530 6.210 0.461 0.947 8.030 2.640 1.183 8.760 8.041 3.278 6.751 6.135 2.708 2.687 1.000 9.537 9.035 5.922 8.713 2.466 8.025 0.773 3.824 7.626 8.055 9.551 0.821 5.995 4.111 9.439 8.345 6.237 0.387 4.056 1.451 7.351 8.323 6.593 3.027 5.896 8.147 6.661 5.474 6.721 9.675 8.794 0.890 2.709 7.279 0.466 1.750 4.733 4.698 1.426 4.309 7.767 7.660 4.177 3.868 2.859 6.207 7.497 4.385 7.586 3.994 1.047 4.925 9.479 8.886 9.333 1.969 7.948 7.710 7.516 9.680 0.232 8.163 9.934 9.904 6.049 2.549 4.579 9.899 
3.790 1.302 3.220 8.551 8.309 9.024 7.378 1.213 6.694 2.174 4.966 9.182 3.754 5.479 1.018 2.311 3.367 3.632 8.645 2.299 5.337 5.907 3.140 9.773 9.960 3.959 2.961 0.452 4.081 7.249 6.229 4.396 3.146 6.310 0.323 7.632 3.433 1.352 5.186 7.292 7.500 2.616 8.015 9.798 3.706 9.297 8.168 6.616 7.606 5.878 6.324 3.621 9.005 8.273 1.188 8.217 3.506 7.302 0.378 3.009 1.491 3.714 9.510 6.050 0.646 7.229 4.965 5.476 0.404 1.875 1.325 0.656 7.930 1.287 4.067 2.945 5.693 0.556 1.719 6.543 0.032 5.732 9.400 4.035 8.664 8.159 7.456 1.775 2.590 8.402 4.680 7.412 4.500 3.785 5.561 5.608 1.415 4.244 4.906 8.272 
4.071 3.554 1.233 2.463 9.350 6.857 2.399 2.536 4.879 0.849 3.073 3.095 6.916 9.992 3.859 5.803 3.552 0.687 6.162 6.244 5.366 5.455 5.198 6.659 4.749 0.890 5.965 6.609 3.290 6.360 3.412 6.401 3.874 5.284 8.604 7.458 0.405 7.179 7.236 9.731 3.471 6.586 5.474 8.692 4.651 4.533 0.861 3.525 5.682 9.204 2.732 3.690 1.236 5.164 7.450 3.212 5.666 4.626 8.662 0.755 4.768 0.045 1.718 8.852 3.339 4.604 4.418 7.464 8.085 6.057 3.345 5.487 3.342 9.820 6.160 8.778 3.942 9.199 5.463 4.816 5.597 4.239 9.082 2.189 8.168 5.753 4.979 7.786 1.351 7.836 6.355 5.762 5.439 0.372 4.006 0.156 2.085 2.895 8.473 7.367 
1.288 2.517 4.137 5.609 1.162 1.579 1.027 5.937 6.500 5.202 7.837 3.476 0.617 4.955 1.402 8.058 2.506 2.488 3.708 0.660 7.952 6.191 7.421 5.731 8.926 4.662 4.872 9.803 0.324 3.092 3.420 3.601 6.883 2.567 2.254 8.294 6.023 7.696 1.782 6.498 4.225 5.009 6.995 5.165 5.597 3.107 0.437 0.594 1.287 5.690 8.776 5.465 7.535 0.270 9.316 4.002 8.330 8.626 9.296 4.167 5.864 9.884 1.294 5.135 8.278 3.474 2.672 4.186 9.564 7.142 5.609 9.654 0.898 4.735 7.005 5.578 6.174 9.495 4.272 9.311 7.055 1.259 3.892 5.492 4.471 0.139 4.485 8.519 4.163 5.007 5.116 0.931 3.610 2.422 2.552 6.960 6.481 0.523 8.292 8.919 
8.603 2.851 7.316 9.066 6.373 9.039 5.715 1.118 4.520 2.921 3.616 3.674 5.174 3.685 3.175 2.482 4.305 2.434 8.769 9.690 4.789 4.727 7.995 6.010 7.567 9.520 7.599 6.075 3.667 6.290 8.039 8.169 0.258 5.052 4.004 6.980 3.262 8.513 5.972 2.068 7.597 1.643 9.582 5.338 3.644 1.572 5.504 7.934 5.136 9.937 2.316 0.750 9.368 0.522 8.894 2.976 5.339 7.369 0.829 9.974 9.241 2.408 7.455 5.204 9.579 7.100 2.220 0.834 6.128 9.575 9.344 8.269 7.906 7.328 3.975 2.880 5.417 5.648 1.360 6.895 1.495 3.658 2.985 0.621 3.288 3.091 4.042 4.980 5.136 9.729 7.152 7.631 8.403 3.833 1.798 0.928 9.672 3.807 7.612 2.372 
3.172 6.865 2.339 7.288 6.739 1.513 2.070 9.043 3.208 9.290 2.174 4.265 0.720 7.416 2.257 9.273 6.110 9.736 7.408 9.177 5.273 0.648 1.030 2.986 3.212 5.615 1.633 6.436 4.327 2.268 7.097 9.256 0.426 8.133 5.129 5.100 9.932 4.553 7.898 0.463 6.811 1.536 2.170 3.593 1.835 4.918 3.644 5.584 2.006 5.505 5.670 3.651 6.169 9.656 8.010 0.934 6.151 2.162 0.931 8.057 3.144 5.197 3.508 9.175 8.436 1.634 2.764 9.252 6.117 7.082 2.031 9.913 2.914 2.608 2.716 8.379 6.924 9.340 3.594 7.706 2.699 6.833 5.684 6.835 4.855 9.476 8.757 5.808 6.191 9.011 7.667 4.907 9.161 6.751 2.760 6.457 1.459 6.021 8.902 4.545 
7.473 3.962 1.862 1.034 7.413 1.924 9.164 5.866 5.011 5.403 4.903 5.922 2.900 7.688 4.460 9.440 1.973 6.226 5.588 2.368 7.357 7.092 6.907 8.936 8.982 0.865 3.505 1.179 9.148 2.737 2.022 1.205 2.979 0.744 4.387 5.576 0.226 8.618 0.199 3.348 8.435 3.962 2.618 8.010 8.250 8.211 1.629 8.873 1.277 2.129 1.502 9.286 9.789 9.499 6.416 7.478 5.401 2.077 9.292 0.785 0.740 0.905 4.147 5.553 4.165 2.622 1.494 3.129 2.607 4.559 9.683 6.960 1.727 9.075 2.452 7.101 5.759 5.857 4.413 6.166 1.635 0.710 1.718 5.132 3.311 0.754 4.741 8.297 2.532 8.865 3.222 4.186 1.752 4.725 2.068 3.187 3.365 5.882 7.741 3.366 
6.964 9.866 1.004 2.985 2.989 7.592 1.687 2.045 6.743 9.044 5.098 5.398 1.535 4.510 7.705 6.861 3.489 8.577 1.818 7.141 3.431 9.469 5.109 8.382 3.164 3.366 1.059 4.648 4.467 1.868 0.641 0.771 9.168 0.928 3.916 1.644 7.768 1.231 2.583 0.267 2.268 3.287 1.003 5.618 6.080 5.284 3.716 0.800 0.205 8.155 2.060 7.783 0.231 0.229 1.138 7.567 3.109 3.353 1.101 3.598 6.168 3.425 3.444 1.884 3.372 0.919 3.889 3.405 5.436 1.158 8.288 3.133 1.087 9.848 6.954 5.269 6.497 6.710 5.822 6.133 8.712 8.906 9.954 4.580 6.763 6.409 6.023 4.744 1.068 3.467 5.605 7.492 7.724 3.863 0.424 5.030 9.322 2.819 3.954 7.771 
8.063 5.068 1.246 3.809 0.077 6.874 0.249 9.112 2.134 9.593 3.441 0.888 3.203 3.748 8.162 7.511 3.682 5.530 7.662 5.832 4.553 2.134 2.628 0.755 7.201 8.409 4.658 2.562 2.176 4.927 9.049 4.588 1.799 6.765 4.103 7.623 7.182 3.041 8.133 7.651 4.964 9.569 3.380 0.423 2.876 0.868 8.108 9.737 6.099 3.200 4.302 6.281 8.299 7.317 8.594 0.451 2.229 8.161 8.309 5.590 4.812 8.883 2.863 7.839 0.747 8.243 3.117 4.925 6.853 3.698 7.768 9.056 6.587 7.313 6.358 8.413 0.496 7.987 3.082 7.637 3.704 1.441 4.191 0.185 5.955 8.908 4.520 4.459 3.254 6.545 5.414 1.224 2.648 0.184 7.183 1.944 3.342 4.263 4.067 6.451 
7.983 9.506 8.703 3.586 7.731 1.241 6.047 0.336 3.463 9.131 3.831 3.371 3.395 9.525 7.739 1.885 4.271 3.625 4.730 2.151 9.287 8.268 7.163 2.307 0.955 1.198 3.738 0.558 1.224 9.437 0.658 1.181 4.352 7.585 7.845 0.515 0.256 2.716 0.602 9.458 7.371 3.895 6.654 9.916 4.404 7.298 2.175 0.091 9.789 2.399 8.082 7.557 6.160 0.776 9.682 9.650 4.670 6.690 8.550 7.871 0.624 7.806 5.433 6.704 7.561 5.153 6.929 7.551 1.652 3.753 6.692 5.321 2.078 9.211 4.002 8.623 5.923 1.015 8.706 4.486 8.031 0.272 1.682 5.047 7.276 8.206 4.319 6.773 0.711 1.829 8.771 2.407 6.230 4.918 3.179 2.076 2.476 5.670 2.492 2.767 
2.047 7.227 6.038 4.729 0.268 3.620 7.570 9.264 7.233 1.666 2.176 4.840 5.191 8.784 7.111 7.501 6.858 7.844 0.426 7.137 2.793 2.716 2.037 3.321 7.571 2.414 6.834 3.182 5.165 7.482 8.337 9.019 3.701 9.572 4.443 5.236 8.514 4.034 3.894 2.578 0.332 5.808 3.222 2.619 2.322 0.869 9.142 6.983 5.708 9.077 0.641 3.882 8.741 9.393 8.309 9.200 7.891 5.101 5.900 0.601 3.338 4.960 0.511 0.873 3.017 5.992 3.327 1.127 0.845 5.007 2.447 5.323 5.055 8.897 2.935 5.102 2.025 8.248 6.962 7.916 9.453 4.851 8.671 2.062 0.303 1.366 4.220 9.361 5.530 0.538 7.347 9.961 9.286 2.146 4.771 4.026 5.034 8.163 3.757 1.911 
4.810 0.499 6.233 7.825 6.712 1.114 0.015 1.985 7.641 1.319 7.890 2.753 9.297 5.622 9.580 3.386 5.469 5.619 9.921 7.649 7.795 1.113 9.019 4.806 5.322 8.894 6.557 7.234 0.437 4.439 2.986 3.301 0.042 8.150 4.886 4.023 6.203 5.698 0.432 4.498 4.940 1.553 3.603 0.157 5.278 5.817 2.564 3.446 3.281 7.136 8.426 8.736 7.340 8.622 5.550 1.953 1.719 9.512 3.461 6.731 5.053 2.556 3.478 0.708 9.321 6.039 0.262 4.023 2.656 9.774 9.582 7.013 6.307 6.382 8.854 5.666 2.014 2.785 6.243 1.462 1.149 1.913 7.458 6.922 1.043 1.353 6.766 9.359 7.149 3.908 0.199 3.156 1.856 4.838 4.450 5.217 2.140 1.962 4.537 9.142 
8.545 7.686 6.948 1.158 7.436 6.596 2.690 4.874 6.961 8.252 6.437 2.513 4.666 2.481 3.795 7.431 1.385 3.664 8.594 6.473 1.624 1.226 6.082 0.976 5.467 5.904 5.899 2.085 0.772 5.187 0.803 9.461 7.322 6.824 3.255 2.425 6.519 6.235 2.176 9.104 1.157 2.277 6.453 2.275 9.923 5.920 0.114 0.212 0.321 8.059 6.472 7.110 1.936 5.996 4.986 0.411 9.159 2.867 5.137 1.716 8.827 0.735 6.160 3.871 3.544 5.957 0.130 9.284 5.930 4.976 8.615 3.578 2.482 9.709 9.867 4.257 8.321 4.376 4.342 6.235 5.664 9.778 1.256 4.798 9.592 6.772 7.821 1.855 4.356 8.048 5.826 3.158 2.327 6.135 7.319 2.623 5.498 6.061 2.260 4.794 
6.421 3.035 6.271 8.093 1.406 9.137 5.810 9.538 3.887 8.084 1.493 6.294 9.958 3.866 7.628 0.653 1.260 7.276 7.504 2.802 2.636 4.172 9.509 0.081 3.259 0.702 8.689 2.376 0.327 3.648 2.051 0.713 3.809 8.552 3.582 0.197 9.241 4.351 6.745 9.001 3.089 0.877 8.023 2.301 1.852 4.760 5.006 3.730 1.704 0.039 6.432 7.269 0.233 2.080 9.643 9.266 5.649 7.297 2.978 3.747 1.660 6.599 6.782 4.111 8.166 7.485 6.891 0.857 8.893 8.294 8.756 8.074 7.149 8.213 8.667 1.089 9.987 8.369 0.949 3.891 9.223 2.546 6.445 7.722 5.038 0.930 8.133 1.594 4.120 6.600 4.291 1.359 9.737 2.493 8.272 6.480 5.504 6.006 6.659 2.641 
8.114 9.515 4.329 3.961 6.861 7.685 5.793 0.710 9.360 6.648 7.070 7.160 3.594 5.878 1.306 9.496 6.104 0.904 4.367 5.529 4.962 3.874 3.716 6.391 4.038 9.436 5.027 5.345 1.973 5.390 6.190 0.384 5.258 1.130 7.637 5.382 9.898 2.043 1.241 9.230 0.211 4.687 7.438 3.592 6.510 5.853 1.664 7.721 5.644 8.412 6.746 3.105 9.690 8.233 7.433 1.624 8.407 9.394 6.908 8.378 0.542 9.409 2.847 4.367 7.523 2.271 2.317 4.808 0.635 4.709 0.673 6.034 9.397 0.284 9.492 7.629 4.515 6.670 2.530 6.747 3.536 3.799 6.720 8.414 1.114 4.413 7.297 8.994 8.679 4.018 2.283 0.007 0.195 4.226 1.780 5.989 1.716 2.045 1.763 3.197 
2.459 7.796 0.415 5.620 4.267 6.027 7.445 0.960 4.453 7.051 3.244 2.064 4.322 1.547 5.318 8.589 1.902 7.034 3.942 9.635 2.811 2.978 7.688 0.526 7.616 0.782 2.140 5.939 7.492 5.986 1.900 7.231 2.583 2.626 6.808 3.898 9.039 3.876 8.194 7.890 1.396 8.884 9.949 4.731 6.714 2.982 2.184 7.294 5.641 7.373 2.375 6.437 3.506 4.794 9.984 7.710 1.380 9.697 5.802 4.874 3.117 5.014 6.474 9.052 9.362 2.746 8.046 6.994 3.680 2.242 9.730 3.191 9.095 8.365 0.559 8.295 5.591 1.481 7.111 0.710 0.408 2.627 0.068 9.083 3.338 0.163 1.017 0.924 8.644 8.655 8.587 6.591 3.713 6.887 4.831 8.498 2.108 9.446 8.531 2.542 
5.282 5.565 2.043 2.473 2.909 9.643 2.230 8.219 6.506 0.171 4.068 6.017 4.827 7.685 7.561 1.608 2.383 7.788 4.773 7.734 4.332 2.301 3.980 3.697 2.011 0.156 2.201 7.841 3.401 9.779 5.711 3.487 1.937 6.398 0.530 5.038 5.253 0.957 1.334 3.802 2.684 2.141 7.743 2.386 6.640 9.391 1.548 2.443 8.344 2.715 7.039 3.021 2.831 4.634 9.355 5.788 1.607 0.622 2.483 9.022 3.908 7.074 9.429 4.384 9.114 9.983 1.908 9.246 3.530 3.284 5.924 2.605 4.526 3.144 2.568 4.461 3.768 3.315 0.481 6.964 9.178 7.155 7.562 0.588 2.174 3.894 4.690 0.123 2.707 0.291 3.528 3.385 9.696 3.959 3.769 0.192 8.538 1.333 2.616 0.374 
0.576 1.480 0.711 7.375 1.611 6.801 4.254 8.348 7.874 3.020 2.663 2.542 8.223 3.819 4.702 7.277 0.734 9.962 3.793 4.794 0.387 8.825 4.917 3.919 2.043 7.873 1.400 7.581 9.569 4.814 9.729 0.977 7.599 7.922 4.528 5.468 7.196 2.307 3.829 0.100 0.433 1.828 6.842 6.092 1.824 1.746 2.597 9.573 6.412 4.247 8.019 4.400 5.338 7.505 8.254 9.989 9.758 9.087 0.424 8.722 3.070 6.223 4.359 3.752 9.614 8.651 0.308 0.773 5.220 4.638 4.164 6.705 1.290 7.088 5.308 4.120 9.463 4.633 0.817 2.722 8.324 2.082 2.493 8.225 7.123 5.676 9.939 4.574 3.992 1.223 3.720 7.594 7.795 7.365 7.572 6.896 3.388 2.013 7.548 8.135 
9.806 7.252 9.011 9.569 9.729 6.946 9.490 5.274 6.382 1.667 6.521 2.340 0.996 7.613 4.830 0.909 9.924 9.712 6.458 4.006 5.551 4.266 0.788 8.777 9.259 3.140 8.790 1.971 7.875 9.804 7.285 0.282 7.262 7.299 4.536 0.505 8.036 9.611 8.050 5.390 8.713 0.855 9.121 8.523 1.046 1.196 6.353 5.622 0.798 4.465 2.164 0.202 4.716 0.088 2.101 8.751 1.117 1.117 6.700 4.261 7.158 0.912 9.562 7.245 0.582 3.322 3.349 0.221 7.563 5.119 7.478 5.045 1.103 4.850 7.433 2.460 6.382 9.287 5.820 9.737 0.430 7.220 9.559 5.403 3.552 0.461 5.943 9.700 9.040 3.619 2.665 5.637 5.889 7.459 3.403 8.284 6.450 5.463 1.041 9.300 
7.292 9.607 5.191 9.602 6.843 9.286 9.342 5.544 7.884 6.834 5.638 3.006 6.379 4.153 2.081 9.410 0.725 7.576 7.759 5.806 7.094 2.297 6.628 9.916 7.225 3.442 9.281 6.310 4.743 8.170 5.215 1.693 4.901 2.077 5.125 1.761 0.492 3.605 3.954 0.982 3.598 2.171 0.589 8.233 8.836 9.285 9.381 9.320 8.816 7.063 2.001 2.047 6.615 5.218 5.524 0.724 3.272 5.881 4.090 4.811 0.526 5.402 7.019 0.702 0.328 3.664 5.832 6.608 3.008 4.389 6.259 7.908 5.422 4.410 9.046 4.444 8.872 5.937 5.112 1.762 4.136 3.504 6.472 5.502 7.587 6.436 4.188 1.857 8.021 8.454 8.613 7.275 8.565 8.329 5.181 7.469 1.835 9.402 1.077 9.160 
9.369 1.190 4.287 7.994 8.301 3.334 6.697 2.570 9.193 0.683 7.211 7.633 9.039 8.453 9.173 9.143 2.518 8.081 8.760 0.139 2.789 7.645 7.499 9.114 0.320 5.544 2.540 1.956 4.572 2.495 2.933 4.419 8.708 4.857 8.766 4.561 1.909 1.789 2.765 3.610 7.389 9.809 0.679 9.336 6.737 0.955 7.645 8.138 2.818 4.932 2.595 0.790 4.157 1.386 1.725 2.086 3.448 5.765 5.082 6.439 1.643 1.083 7.375 9.919 6.933 8.370 5.281 4.189 4.845 0.576 8.729 9.313 1.688 8.266 2.867 0.517 8.616 0.562 0.822 8.648 7.676 1.501 4.672 5.281 4.413 0.197 3.575 1.223 3.811 3.039 3.471 1.491 7.670 7.508 2.378 0.774 1.856 0.168 8.933 0.833 
1.317 5.847 9.542 5.348 9.208 1.123 1.260 8.295 4.050 2.849 3.370 9.126 5.436 1.612 0.503 1.700 4.485 0.831 4.105 4.250 9.971 4.447 7.081 4.467 4.854 0.084 8.511 7.226 0.822 9.981 1.494 2.428 0.338 8.991 7.356 6.977 6.708 7.527 3.757 8.008 2.712 7.434 2.536 4.117 7.474 0.481 5.538 7.609 9.390 2.416 3.116 3.511 0.195 0.313 0.532 0.493 1.545 7.363 2.036 4.697 0.833 7.155 1.070 0.003 7.409 9.034 7.740 7.234 3.838 7.154 1.458 0.441 9.392 8.495 7.492 0.557 4.575 9.296 1.074 5.409 6.162 5.096 1.625 0.395 1.959 6.905 2.724 5.948 3.305 4.903 0.498 6.334 1.178 1.491 4.254 9.296 8.712 7.527 8.402 7.592 
8.898 9.164 3.942 1.568 1.313 7.789 1.182 6.568 5.813 2.299 2.667 0.198 4.301 1.177 6.834 2.255 3.944 1.641 8.366 4.458 6.468 4.537 0.825 8.062 8.557 6.564 0.789 4.859 7.797 5.939 0.406 1.141 7.080 3.660 7.058 4.783 7.941 0.164 4.668 2.762 9.922 6.360 1.036 0.138 8.709 8.765 9.603 1.835 0.546 0.795 2.011 5.374 4.210 6.137 9.923 6.129 4.708 5.564 0.722 6.674 4.776 5.551 1.898 8.261 1.228 5.638 3.201 5.643 3.301 1.585 3.974 6.036 9.177 3.067 5.471 9.308 5.126 7.914 4.419 9.196 8.869 9.701 4.593 4.763 5.110 1.886 7.772 7.157 6.539 9.618 4.066 9.261 8.006 9.848 4.325 4.797 5.088 1.447 4.097 9.097 
0.793 9.645 9.432 5.874 5.772 3.296 9.746 3.073 8.077 9.263 1.868 6.135 8.235 5.460 2.454 8.893 4.218 3.043 3.019 0.690 8.749 8.623 2.955 3.294 8.286 9.410 1.154 2.730 9.056 7.741 6.088 9.229 0.505 6.583 7.531 3.144 0.693 4.298 0.522 5.940 1.304 5.183 3.602 3.109 2.181 2.142 8.882 0.221 6.615 9.209 1.078 4.243 8.955 4.578 6.304 9.705 5.539 9.309 9.093 3.353 8.434 2.932 7.915 1.489 9.028 4.807 5.257 1.394 5.099 9.276 8.257 1.924 0.710 3.417 9.817 8.666 2.963 8.494 8.140 5.877 3.480 0.098 4.721 0.851 5.325 7.410 6.967 6.304 8.005 8.995 1.815 2.944 4.184 1.153 1.001 7.434 1.771 4.905 6.944 0.658 
4.195 9.465 0.615 7.405 9.796 3.224 9.216 1.359 8.556 8.143 2.004 8.651 0.653 9.805 7.179 9.117 6.698 3.307 1.394 6.883 3.933 4.695 6.172 0.940 6.171 8.703 2.231 1.959 7.775 6.167 3.616 3.748 3.613 8.714 8.373 6.491 7.603 4.019 1.484 4.176 2.161 2.303 8.793 0.480 9.704 3.569 7.731 5.765 5.215 5.549 1.793 2.832 5.765 4.302 0.924 0.612 8.927 3.009 9.240 3.039 7.024 9.600 4.835 5.057 8.285 0.564 3.831 8.880 9.149 6.520 2.258 1.464 4.198 4.977 4.903 8.434 1.491 7.045 9.809 0.680 1.447 7.835 0.783 7.248 6.830 4.767 7.954 2.236 9.893 4.080 8.193 3.961 0.267 3.448 3.046 1.854 3.824 7.829 1.717 0.221 
