10 10
3.126 9.782 3.654 7.772 2.037 4.740 8.971 0.830 6.474 0.286 
0.709 2.049 6.900 3.620 5.379 3.705 7.272 5.429 5.328 0.440 
1.953 6.119 3.420 9.646 8.808 7.755 0.636 3.681 4.048 9.882 
4.148 8.356 9.711 9.425 2.745 4.388 0.433 9.753 1.080 8.460 
2.171 1.628 4.172 8.408 1.867 9.248 8.801 2.648 3.717 7.899 
9.040 7.432 4.642 5.803 8.989 6.756 8.863 1.700 6.981 8.846 
9.045 1.399 2.040 0.001 9.395 1.104 5.138 1.291 4.298 2.648 
4.945 6.112 4.604 5.946 0.205 6.917 2.524 6.965 8.580 7.579 
5.235 5.282 4.900 3.803 6.760 3.914 0.095 7.736 7.461 5.522 
5.792 4.520 0.579 3.323 8.534 7.919 5.651 2.065 1.893 9.312 
