20 20
0.882 9.210 2.396 1.785 9.210 4.957 1.481 5.525 1.531 2.353 2.068 0.447 5.873 2.650 8.143 3.535 2.259 6.893 1.055 5.626 
5.827 9.334 2.102 0.890 5.871 3.764 3.364 8.767 6.788 3.854 3.766 7.112 8.683 9.251 4.909 2.886 1.228 6.295 7.811 5.945 
4.229 5.952 7.384 2.213 2.349 1.862 6.199 4.859 9.428 8.212 2.901 5.964 9.930 0.582 3.478 6.592 1.190 2.867 5.543 0.208 
0.329 9.912 6.740 2.935 3.992 8.604 8.456 4.252 7.377 9.808 5.129 3.467 1.416 9.763 7.609 0.508 3.441 2.340 6.270 4.414 
7.164 2.901 5.867 9.281 2.396 0.412 9.508 5.345 3.561 6.938 3.496 2.415 8.778 2.665 8.344 3.889 8.040 0.211 3.744 2.260 
9.860 4.128 6.945 1.177 0.634 0.237 4.625 4.885 9.935 4.689 8.105 3.196 7.975 4.535 0.535 8.998 8.531 9.958 2.557 5.760 
1.801 3.304 9.852 4.510 6.839 1.594 2.005 3.279 2.493 7.278 7.118 7.195 9.108 6.654 0.759 4.041 0.637 6.601 0.976 8.384 
8.259 8.057 3.366 7.182 2.131 9.013 1.464 1.139 7.473 0.708 8.105 9.053 4.826 8.183 2.809 6.860 2.028 0.371 8.745 9.178 
7.236 5.514 0.368 8.763 8.121 4.851 9.438 8.485 2.296 1.223 2.816 1.176 7.949 9.563 0.129 5.030 1.702 3.037 3.254 6.099 
2.796 2.054 2.374 4.881 8.813 3.305 5.331 0.975 8.396 2.539 7.943 8.382 0.656 7.864 3.046 4.111 9.315 0.047 5.092 4.476 
2.008 2.468 5.339 6.704 1.621 6.217 9.886 8.288 7.088 5.104 9.114 2.908 5.596 1.336 2.456 9.666 6.856 5.014 6.830 1.895 
2.744 9.682 0.579 2.868 2.425 1.748 7.284 8.345 3.868 3.735 5.451 0.102 7.601 0.064 0.724 0.329 7.446 9.344 7.045 4.100 
6.053 8.990 1.926 6.002 0.093 6.399 8.939 7.430 1.122 5.884 7.363 3.084 3.351 2.100 4.991 8.745 8.782 8.795 5.105 7.547 
3.565 6.371 2.742 8.651 6.749 2.959 8.576 0.467 4.112 1.511 0.934 0.404 5.259 9.737 7.807 4.486 1.724 0.634 1.034 3.123 
7.516 8.830 4.314 3.824 1.186 1.982 5.125 7.710 0.320 7.081 8.235 4.290 5.146 8.671 5.067 8.191 7.874 9.687 8.857 2.238 
8.304 5.949 0.305 3.647 4.297 2.138 2.173 3.909 7.742 0.531 4.203 8.452 2.832 3.719 1.588 9.107 3.639 9.080 1.284 1.007 
2.263 5.865 0.423 5.662 7.147 5.409 0.278 3.652 3.557 1.225 7.338 3.605 4.669 8.476 0.331 8.981 2.224 1.727 8.309 0.524 
0.306 5.727 0.283 0.215 4.414 6.479 1.302 2.027 0.733 8.884 3.388 5.876 7.256 2.823 2.254 3.777 9.251 1.723 2.358 1.406 
6.447 6.357 3.526 4.017 8.286 1.921 2.110 2.974 6.591 8.260 8.427 8.060 2.081 1.554 0.117 1.127 2.315 0.716 7.967 8.673 
3.848 3.296 6.717 4.513 0.643 3.789 8.460 8.795 4.130 1.903 0.291 6.344 7.665 9.536 1.113 5.549 9.643 3.050 4.671 8.813 
