20 50
9.568 4.475 3.646 3.891 8.812 9.899 7.382 3.176 2.111 3.128 0.368 3.833 8.253 1.275 5.865 9.872 4.783 9.019 6.830 8.434 4.248 3.263 6.227 1.877 4.199 6.401 8.241 5.553 2.275 3.163 5.356 2.735 7.249 6.891 6.620 1.108 0.559 8.605 1.856 9.741 0.577 6.225 5.043 1.508 3.605 1.915 7.661 3.576 1.431 2.694 
9.399 7.737 5.179 3.141 9.283 3.143 9.133 9.347 5.047 6.298 6.218 0.071 2.339 7.039 8.944 4.512 8.242 4.700 5.703 6.031 5.485 5.611 2.570 7.724 4.735 1.698 4.988 8.829 2.388 0.041 2.065 0.616 0.402 4.958 8.598 6.616 2.874 7.410 6.399 4.850 1.316 1.374 7.004 9.031 6.877 3.173 2.442 1.665 3.113 7.703 
9.375 4.410 7.335 5.012 4.619 0.093 2.064 1.730 6.833 6.408 0.646 4.487 0.002 3.431 2.714 6.652 9.195 5.845 5.841 5.452 8.093 6.039 9.482 3.882 0.731 6.085 6.081 0.665 7.049 5.016 2.100 1.962 2.928 2.787 8.634 0.556 0.625 3.849 7.279 1.778 4.790 1.340 1.950 0.570 2.564 7.586 1.479 0.786 3.651 7.793 
0.974 6.064 7.727 1.616 2.172 1.432 2.043 1.625 4.322 6.178 1.690 8.613 7.468 1.460 8.598 1.139 9.465 0.631 3.083 0.735 6.509 6.314 3.507 4.842 4.543 5.899 5.425 6.622 5.490 6.319 1.546 4.596 7.946 9.705 7.709 5.283 6.708 3.848 8.166 8.880 9.295 5.274 5.500 1.442 0.507 8.152 6.659 6.975 7.955 9.298 
6.804 9.396 2.519 8.066 6.915 7.403 7.714 0.057 9.457 4.975 1.063 5.282 8.766 6.419 8.759 4.634 9.305 7.667 2.108 3.375 5.434 4.904 0.585 6.683 0.922 7.467 1.656 0.289 5.088 4.457 1.962 8.680 5.130 3.545 7.957 4.472 1.014 6.014 6.608 5.115 0.074 4.280 8.418 7.356 3.413 6.820 5.678 5.561 5.117 0.742 
8.590 7.382 8.328 4.064 0.729 9.074 9.304 8.188 3.131 3.254 1.714 6.006 3.270 3.857 8.661 2.647 1.111 6.634 9.150 3.911 9.545 8.652 9.079 2.162 0.551 6.956 4.212 0.612 1.672 4.784 4.047 4.753 9.573 3.568 1.009 4.021 8.781 0.314 8.991 7.682 4.055 2.888 8.885 6.415 4.270 0.256 6.473 5.085 4.157 0.775 
9.804 2.805 7.831 9.272 9.010 3.539 4.615 2.809 1.421 4.220 3.357 5.832 8.774 7.641 6.178 7.669 1.348 4.220 6.378 9.247 5.924 0.158 8.080 1.323 0.619 9.459 7.158 3.544 9.838 3.837 3.911 2.194 6.871 7.622 8.074 4.619 9.984 4.422 5.794 0.032 0.235 8.549 6.428 9.610 5.719 6.965 4.232 3.660 7.460 6.877 
6.303 9.951 6.735 0.003 3.518 5.309 2.268 7.009 5.618 2.026 8.445 4.651 5.085 1.718 2.447 3.737 6.999 1.899 9.046 8.208 3.684 4.716 6.699 4.337 3.608 3.042 7.520 4.328 3.767 6.461 6.741 0.462 3.550 8.511 4.340 4.327 5.965 7.046 2.671 0.640 9.016 1.528 9.124 6.714 6.034 4.661 2.109 6.713 8.761 0.896 
2.010 4.488 1.164 1.004 6.114 0.025 5.077 0.209 8.002 2.298 1.025 7.142 7.396 5.689 8.889 2.288 6.039 8.021 3.429 7.515 8.817 5.745 9.087 2.797 7.060 5.832 7.010 2.278 2.699 4.535 4.758 9.486 7.809 0.336 5.779 0.671 3.945 2.111 1.422 5.996 9.644 3.836 2.958 0.630 2.476 4.000 4.928 1.681 4.109 1.298 
3.960 2.306 3.000 8.147 9.125 1.392 9.521 0.101 0.917 5.717 2.609 2.350 5.951 1.660 5.338 4.117 3.614 5.206 9.229 8.017 9.067 2.232 3.555 4.214 4.231 5.912 6.409 8.551 4.681 4.401 8.900 9.744 5.772 9.949 2.477 3.204 5.673 0.075 2.074 8.078 6.557 2.479 4.562 9.697 7.672 8.039 2.801 1.777 5.668 0.387 
0.485 1.446 8.220 6.336 1.941 5.446 6.723 8.740 4.033 7.702 2.630 2.232 4.432 6.868 9.871 2.744 1.630 7.430 2.710 3.704 7.308 9.461 4.387 5.371 0.897 0.249 6.945 8.891 9.556 5.648 6.738 3.367 4.120 0.246 3.306 2.454 3.077 3.205 1.530 6.837 2.133 0.997 8.290 0.305 6.488 9.151 5.187 0.091 6.620 2.599 
8.344 6.627 6.051 8.257 4.766 3.958 1.350 4.046 2.293 9.648 0.463 5.747 6.791 2.252 5.339 6.772 5.912 5.108 8.778 6.252 3.467 7.602 3.468 7.658 2.274 8.862 3.213 3.591 6.193 4.321 2.547 2.358 4.000 2.573 1.097 8.458 8.715 8.522 3.338 2.235 6.058 8.929 2.725 3.569 4.840 8.180 1.551 0.742 0.223 5.333 
4.370 8.355 8.069 8.315 3.310 7.563 4.856 7.523 8.207 7.759 3.038 9.024 3.107 1.341 6.110 7.046 3.420 2.218 1.158 6.519 4.745 4.301 9.214 9.048 5.238 8.393 5.326 9.901 8.281 4.605 0.964 9.323 1.158 2.718 1.091 8.842 8.474 4.740 7.038 2.055 6.123 2.339 4.172 9.880 2.753 6.776 0.298 2.214 0.902 0.521 
6.685 1.525 9.201 7.809 8.682 9.042 0.435 6.075 6.990 0.859 7.573 1.400 3.835 9.573 1.400 8.901 0.517 6.838 8.852 3.348 4.113 3.640 0.760 6.185 1.473 7.993 1.351 2.601 8.078 4.308 9.545 6.358 7.796 4.703 3.868 0.635 7.141 0.180 8.632 0.351 4.252 8.771 8.903 5.115 8.457 8.519 5.778 2.245 1.053 5.458 
1.446 6.167 1.727 0.641 5.662 3.865 7.873 5.712 1.337 6.072 6.036 3.509 7.199 0.402 5.656 8.749 9.722 5.707 5.349 3.986 4.872 6.634 1.090 7.706 2.585 3.550 3.804 4.686 3.363 5.798 1.136 3.555 6.901 5.581 4.449 2.872 7.211 5.709 7.486 4.972 7.379 6.875 7.523 6.343 9.779 9.180 3.346 4.350 4.335 8.238 
6.949 2.754 8.275 8.311 7.411 2.667 5.678 3.681 6.151 1.324 4.094 4.734 2.431 8.390 8.539 7.066 6.830 8.363 0.223 0.364 8.236 8.114 8.532 8.737 6.842 0.572 9.987 5.746 1.619 9.140 7.162 5.465 5.792 2.568 3.880 5.546 7.936 6.671 0.397 9.516 9.504 7.557 3.743 3.280 1.837 0.833 3.893 5.177 6.972 2.628 
6.046 9.836 6.982 1.224 2.896 3.539 5.940 2.590 8.533 2.857 7.144 9.156 7.322 8.881 5.746 8.815 6.990 6.576 3.568 0.325 5.020 2.461 8.548 2.019 1.386 4.143 5.985 3.074 8.737 2.034 2.588 0.434 3.152 7.041 7.145 9.954 4.778 7.927 3.598 7.310 7.854 8.646 3.266 2.788 3.878 8.979 3.011 4.208 0.022 1.510 
5.279 3.914 7.294 4.178 4.080 9.004 9.377 0.425 8.245 8.821 3.622 8.307 9.569 0.067 0.236 5.855 8.836 7.862 4.345 2.421 7.117 0.563 8.337 4.796 3.253 7.240 8.626 2.479 0.936 9.300 1.848 8.629 0.477 1.972 0.348 1.949 0.954 7.100 5.815 0.056 8.223 6.011 2.909 6.703 3.050 0.103 1.811 3.664 1.483 7.233 
9.787 3.028 6.510 3.985 7.037 7.211 6.049 7.483 1.376 2.071 7.332 5.503 9.644 3.183 1.890 0.370 1.096 6.535 8.514 0.340 9.518 2.712 3.764 2.011 6.300 7.953 0.971 8.670 6.302 6.409 8.957 2.414 1.972 5.355 1.191 2.413 8.900 9.196 4.529 7.707 7.733 8.650 4.284 0.605 3.234 8.692 8.941 5.891 1.149 2.540 
3.539 1.839 7.490 9.241 5.457 1.326 2.874 9.299 0.142 5.219 6.643 6.137 7.201 5.646 1.605 1.218 9.163 3.777 0.484 7.125 6.245 5.282 9.381 6.049 0.470 6.787 1.936 0.744 1.622 8.310 0.222 1.269 5.682 9.938 4.896 3.589 3.634 5.802 7.620 5.477 4.812 4.792 3.373 1.051 4.353 5.387 8.887 7.751 8.711 1.490 
