20 20
412.713 437.781 371.297 466.820 499.593 434.555 368.018 375.597 311.324 406.162 414.298 343.163 407.673 401.435 400.613 481.727 396.569 475.686 389.895 407.418 
463.397 481.929 392.335 459.009 551.460 466.461 329.265 380.902 330.914 456.881 398.016 335.772 440.405 432.987 397.302 517.806 387.287 424.426 419.221 401.223 
610.715 486.141 554.653 579.368 621.203 619.396 522.799 452.124 425.675 537.541 491.392 464.635 568.238 580.698 450.845 627.331 555.446 614.226 561.987 389.771 
689.294 621.282 522.324 624.551 787.921 714.777 511.724 522.605 476.022 681.158 612.362 558.760 560.347 552.925 539.596 754.617 525.529 639.287 559.229 559.215 
520.918 381.620 354.009 382.478 566.722 544.337 430.799 379.422 359.491 476.509 468.832 394.046 400.725 477.562 256.312 483.952 377.313 511.137 355.153 290.715 
595.306 612.023 463.482 531.500 753.024 655.308 546.877 492.942 445.699 629.553 550.252 527.232 496.725 609.826 480.889 612.149 397.132 626.089 528.214 469.836 
702.075 696.615 562.267 583.916 800.363 731.654 514.017 593.219 456.730 671.866 590.640 566.882 635.202 643.291 596.710 711.260 502.288 651.055 547.465 561.821 
740.946 692.525 570.993 590.188 879.390 808.171 556.159 599.447 498.184 746.606 620.368 628.716 638.969 654.200 511.007 749.136 524.195 731.008 560.918 550.427 
501.425 467.501 425.318 442.958 669.170 550.413 535.307 424.883 436.018 525.091 468.113 440.036 507.985 516.778 458.313 502.460 397.321 577.266 460.840 403.809 
715.625 544.111 527.042 517.689 709.891 698.226 599.329 505.555 470.524 621.149 631.525 535.434 598.249 616.733 453.946 710.616 537.767 656.947 505.084 440.552 
521.551 502.761 467.650 506.796 655.731 591.545 453.797 394.302 390.583 493.551 478.877 461.851 504.856 487.733 408.551 567.474 448.144 596.016 470.392 460.717 
616.644 553.699 500.160 538.818 665.397 680.851 544.966 496.403 423.335 602.001 559.905 553.519 539.070 600.319 511.394 613.036 477.306 662.631 511.140 510.800 
650.539 569.087 553.115 553.705 713.125 736.894 517.128 483.980 426.898 593.068 593.486 518.467 625.129 661.996 521.882 670.339 566.207 655.281 520.500 495.910 
610.574 539.962 473.239 620.046 775.453 661.849 496.564 417.153 421.765 576.086 568.757 485.828 530.977 529.861 459.025 662.834 486.562 663.584 526.399 510.746 
516.611 514.442 409.992 474.927 587.488 528.238 433.066 476.395 376.175 499.865 444.490 397.157 498.477 514.703 401.820 554.629 382.172 554.860 422.439 377.414 
616.332 506.165 446.413 509.402 664.747 628.557 388.687 451.014 404.078 586.744 506.000 509.403 491.471 470.975 411.260 627.362 447.253 607.461 448.551 490.445 
552.681 677.086 472.704 524.447 778.675 671.785 466.896 522.360 449.503 627.569 575.286 539.310 509.847 556.489 477.083 623.461 466.076 633.193 495.043 570.634 
520.999 525.452 442.756 494.669 599.299 611.552 453.723 484.089 382.724 592.562 471.274 503.002 465.471 564.232 448.046 527.157 422.591 600.836 477.722 457.630 
546.674 573.884 444.160 522.596 664.151 626.694 464.260 534.895 408.802 574.565 525.236 466.650 514.225 574.679 432.772 582.114 454.671 614.405 444.759 464.485 
581.203 448.775 412.744 490.891 661.666 642.697 464.760 368.273 446.622 561.064 474.773 447.736 472.329 529.497 376.856 565.288 377.539 526.724 475.988 407.348 
