10 10
189.409 287.920 233.609 337.034 213.660 319.682 264.407 218.177 209.385 321.550 
240.240 318.479 273.090 317.656 302.807 283.384 256.669 245.069 273.273 305.889 
241.858 322.668 294.210 357.099 274.912 330.421 298.761 280.627 300.605 322.556 
251.213 283.260 236.153 262.735 270.503 225.117 243.020 212.204 262.985 233.788 
229.429 302.168 231.309 310.160 220.285 278.360 213.886 220.710 253.775 313.996 
268.882 285.054 226.011 303.589 305.414 303.896 289.458 188.921 252.864 336.197 
215.087 220.935 212.624 235.139 210.438 234.442 234.373 197.542 253.826 237.722 
290.942 295.120 299.082 349.081 314.564 341.992 333.273 267.010 294.982 364.680 
96.893 91.899 79.557 88.625 100.122 83.648 57.499 88.104 98.036 106.196 
216.296 270.907 228.172 295.709 223.610 271.827 230.317 215.423 228.610 294.133 
