20 20
536.917 628.871 413.890 415.858 445.911 373.925 503.749 521.138 594.148 461.677 511.974 551.624 680.297 579.652 294.868 574.571 472.186 482.358 473.428 500.938 
513.245 600.893 361.306 422.867 376.441 304.210 526.889 529.082 453.903 450.405 530.863 377.012 566.631 393.817 312.551 548.101 481.192 559.191 411.783 441.863 
358.895 503.965 320.715 296.944 345.463 328.678 347.373 401.902 449.962 412.095 456.060 432.777 509.672 382.141 219.688 409.742 331.788 325.163 453.472 395.088 
379.721 550.471 330.582 426.003 434.198 379.839 427.356 411.407 409.495 408.135 443.646 445.751 573.566 518.625 306.993 513.259 359.356 353.092 402.420 393.720 
393.778 602.735 361.877 424.151 395.377 377.708 499.971 566.633 367.509 452.047 556.614 412.221 582.890 539.122 326.565 563.171 526.893 509.430 516.199 454.316 
371.266 576.660 292.814 412.717 451.934 370.058 412.966 410.833 466.049 394.314 539.183 412.081 466.503 428.737 304.482 443.022 416.502 324.497 528.011 401.761 
505.678 659.828 453.023 515.979 458.381 420.998 631.153 556.770 498.121 596.693 540.932 487.376 679.586 590.145 349.560 546.604 534.724 414.311 515.824 534.498 
383.673 558.607 232.549 368.674 378.148 397.155 415.126 386.581 395.478 356.569 428.481 342.256 469.423 558.544 265.942 452.837 346.966 319.128 420.346 360.636 
409.233 628.715 350.866 494.186 486.427 451.875 577.801 486.128 585.090 425.708 545.506 506.113 546.257 611.433 336.459 574.513 505.384 396.819 532.915 406.638 
555.200 628.757 369.313 527.034 448.808 359.368 544.815 506.605 497.980 395.039 527.957 467.666 625.764 597.892 331.109 575.479 513.520 471.101 469.752 512.127 
474.599 680.180 384.204 424.729 464.589 430.479 468.411 522.768 466.118 495.280 535.425 547.243 591.576 602.329 385.370 558.701 521.142 466.226 519.223 508.272 
527.546 595.432 439.880 479.745 489.876 328.725 547.676 545.126 554.538 501.957 585.202 502.311 650.370 581.970 301.489 563.999 468.975 463.976 521.462 484.668 
488.405 597.833 296.235 422.156 455.076 325.815 469.304 536.498 452.000 422.329 534.951 453.454 561.877 497.197 290.381 532.358 485.362 471.772 506.309 409.115 
427.613 672.364 366.151 473.796 399.779 409.468 551.029 441.239 456.682 501.212 552.047 427.781 499.533 515.727 381.597 433.588 486.866 378.301 536.665 495.924 
507.371 666.511 423.887 505.124 442.492 383.360 659.590 589.689 499.798 476.561 554.007 439.918 644.954 653.103 425.266 541.393 614.685 519.463 513.265 539.716 
410.437 589.651 272.911 389.273 397.662 399.800 425.529 450.248 402.089 377.149 454.769 397.848 518.232 495.803 304.348 471.238 387.152 384.325 441.585 406.688 
421.485 510.094 378.924 458.492 419.858 302.962 535.630 493.313 505.510 392.945 482.236 457.402 598.707 493.036 242.271 499.580 452.498 395.771 456.429 431.865 
501.857 604.735 437.794 493.656 402.707 349.999 678.904 602.353 564.539 475.540 556.424 441.583 674.314 629.160 364.093 589.131 618.258 477.654 563.110 446.162 
498.927 696.560 410.536 509.198 441.810 469.435 641.169 592.002 556.809 497.456 594.907 470.743 669.749 646.876 395.992 669.239 631.705 511.762 569.052 462.758 
404.733 635.757 317.076 423.229 363.787 391.141 506.690 451.723 436.698 437.439 443.814 393.739 526.667 514.408 371.874 407.739 465.121 344.875 495.650 428.146 
