50 50
622.415 550.113 614.919 449.399 508.606 471.930 543.880 442.987 429.618 465.532 364.073 527.463 573.257 397.885 564.109 524.589 559.704 542.474 526.546 405.981 597.833 486.351 571.210 470.893 319.712 532.170 535.674 464.056 444.039 476.009 381.694 360.058 463.362 505.875 425.571 470.408 553.623 559.024 467.996 539.672 562.088 537.670 498.123 431.827 410.068 517.930 411.888 373.261 351.263 384.312 
642.523 574.832 676.099 596.204 621.747 497.456 613.311 540.316 502.208 541.798 455.787 532.188 597.718 472.688 599.900 605.943 644.015 614.428 537.080 525.777 684.280 550.247 631.065 593.343 334.655 568.330 588.395 566.574 577.646 565.777 464.872 453.442 480.912 575.226 506.399 474.842 566.993 590.969 524.595 563.556 591.940 513.429 591.163 520.683 535.201 698.372 443.859 395.471 465.858 371.321 
627.503 579.325 668.309 505.999 542.135 510.008 515.275 545.710 503.321 546.776 400.610 532.080 594.138 419.578 572.606 498.430 611.651 546.253 537.622 505.194 625.043 539.470 582.109 535.991 325.533 583.053 524.977 535.526 556.329 513.148 407.176 389.909 435.476 515.504 498.714 439.422 505.332 594.416 535.286 495.995 541.009 465.077 570.901 420.174 452.663 652.026 456.234 372.914 415.311 406.672 
662.131 524.581 676.565 552.927 569.026 560.565 520.750 453.664 507.807 490.154 384.413 559.353 586.147 406.218 502.573 647.580 568.632 597.940 536.475 508.101 607.961 476.310 662.955 528.987 315.233 617.588 601.175 433.756 501.763 570.177 416.871 456.476 493.042 470.486 425.964 406.453 572.737 557.240 517.872 411.392 575.019 568.109 538.137 500.994 458.755 535.788 394.280 371.503 384.746 414.702 
511.953 496.574 525.676 472.506 540.786 360.703 526.123 341.450 485.927 468.886 294.294 500.247 554.806 418.131 600.146 454.898 565.427 529.972 444.639 458.606 633.341 459.018 535.840 450.969 320.729 536.398 505.298 474.755 519.420 439.792 383.128 477.179 461.548 477.607 514.384 375.053 442.080 442.363 457.143 532.075 508.610 416.036 479.318 401.495 392.543 623.679 412.637 312.965 398.548 341.323 
642.615 530.868 696.734 579.750 609.678 549.907 609.092 458.917 569.142 516.292 362.135 597.449 636.304 461.953 638.285 573.833 606.232 681.862 560.711 528.986 758.173 573.170 709.056 541.605 390.559 636.493 651.311 520.846 539.844 620.196 520.371 580.185 578.658 499.864 487.720 380.853 562.149 528.017 522.228 596.525 652.247 531.847 583.585 446.078 457.127 610.246 505.209 393.276 464.643 383.854 
693.992 661.262 710.592 602.112 620.872 598.912 672.089 495.921 557.835 619.478 388.827 657.935 750.823 479.570 712.612 643.618 638.666 669.803 625.812 577.036 725.150 565.952 678.399 561.273 348.657 712.379 637.781 563.734 643.441 566.278 458.696 537.110 578.980 576.865 531.081 534.331 644.104 620.669 579.018 590.319 611.095 613.195 641.725 567.971 531.579 724.948 494.280 406.543 441.870 431.754 
434.714 454.340 527.359 423.945 457.423 402.950 459.712 303.933 475.823 443.671 337.619 481.519 556.146 368.957 458.125 451.814 507.856 495.490 465.315 381.564 544.653 394.420 470.450 435.024 273.417 503.192 474.642 394.597 464.743 463.767 391.803 462.978 412.711 428.115 364.088 357.276 447.045 410.248 410.128 392.548 557.707 454.887 460.901 406.734 408.795 559.447 337.105 296.578 337.146 323.766 
829.988 710.603 915.825 713.347 694.399 705.665 700.387 716.622 634.055 701.423 544.239 688.758 765.711 555.235 701.013 644.182 774.865 736.409 733.229 609.707 850.806 712.036 763.876 715.870 390.222 780.144 667.584 623.451 662.829 736.376 553.297 552.304 609.672 664.784 566.061 550.497 715.367 717.906 748.563 620.355 736.611 646.979 766.830 600.335 615.247 784.626 602.861 518.432 560.607 537.822 
489.095 417.966 536.353 442.502 459.823 342.615 482.025 414.890 421.230 416.305 342.017 405.174 445.249 441.895 499.748 415.851 486.116 483.478 360.819 364.627 550.273 421.333 502.781 424.150 238.382 404.703 452.443 414.758 460.977 407.545 328.516 322.086 340.336 384.352 434.751 356.008 394.267 437.712 409.069 420.723 412.096 370.928 444.152 363.389 381.333 517.308 347.812 278.749 362.567 318.272 
689.071 588.556 698.821 591.131 664.196 442.871 574.801 486.869 515.942 528.721 454.402 569.330 651.576 535.389 656.573 608.309 646.026 635.293 628.183 534.936 730.557 579.075 639.108 577.472 375.535 617.507 619.520 557.252 623.020 576.686 532.969 464.262 560.814 596.217 546.042 502.654 674.409 592.534 513.190 580.677 684.390 610.358 599.863 509.852 542.885 749.812 462.698 400.694 494.003 436.330 
575.646 469.819 604.905 487.362 520.123 455.930 498.702 426.037 431.144 410.446 379.468 501.127 544.391 404.705 505.555 487.437 495.300 535.934 532.169 418.353 625.705 474.783 562.303 477.692 315.472 558.932 498.859 400.847 433.317 532.634 432.856 451.707 505.985 453.200 365.446 371.512 608.977 443.663 492.986 439.238 594.370 525.548 521.958 465.939 435.531 511.008 404.660 371.356 399.269 363.548 
664.330 624.211 700.430 555.328 686.864 621.490 685.366 586.769 571.936 562.643 534.460 590.027 731.649 518.107 606.736 689.283 673.489 677.232 595.618 618.855 680.264 503.232 683.003 586.311 351.192 653.234 639.415 557.621 577.945 568.500 460.901 502.395 537.612 614.267 553.032 469.236 570.652 628.473 603.142 515.250 603.184 591.979 670.811 603.974 615.718 676.553 495.544 423.584 446.181 441.548 
724.750 590.637 703.864 665.804 726.776 553.694 694.006 484.947 584.254 548.538 438.636 621.588 710.958 551.258 658.339 662.880 681.699 723.440 603.336 635.716 786.183 542.267 755.429 579.251 363.395 718.342 659.209 490.413 569.085 617.302 499.550 603.848 620.315 605.179 574.675 442.555 603.706 560.365 607.146 576.793 628.562 595.618 633.837 600.466 559.949 662.134 521.930 433.365 507.246 407.461 
522.399 421.597 559.636 455.664 558.077 398.312 509.141 411.661 375.147 442.910 369.148 395.568 548.218 396.738 532.452 443.480 473.023 490.489 534.101 481.270 577.268 425.677 468.089 440.431 313.427 459.116 545.697 519.438 471.316 458.140 468.957 381.282 434.266 498.200 429.094 347.510 500.436 452.612 383.755 438.291 490.566 429.314 538.697 462.912 469.438 544.733 379.007 307.799 449.632 381.098 
537.974 458.147 579.474 468.768 501.251 464.706 435.586 457.637 413.369 433.854 325.644 396.316 485.625 420.818 537.416 481.745 467.494 495.591 481.466 421.496 505.967 479.959 433.548 469.871 265.664 474.436 455.950 460.412 475.512 404.648 399.592 341.394 440.952 444.521 432.782 376.457 450.657 460.891 437.144 461.613 413.296 438.634 526.669 371.084 421.124 539.665 406.095 293.051 343.855 355.680 
625.499 526.977 609.738 514.378 581.793 541.637 648.216 404.614 468.798 507.049 347.449 524.366 643.716 430.735 607.440 602.699 551.806 631.216 574.146 489.373 666.908 471.114 576.901 458.144 275.482 604.665 575.588 454.461 537.438 503.782 427.268 479.376 547.919 512.980 493.516 382.645 534.986 491.947 540.624 519.876 495.064 538.448 595.943 523.814 506.150 605.884 449.063 358.040 407.068 427.925 
641.170 587.180 667.346 553.597 617.676 462.171 618.842 530.016 514.684 505.328 463.440 525.354 612.905 549.399 643.252 565.370 662.177 626.325 574.462 549.834 710.563 575.103 637.856 554.035 287.803 580.084 573.478 438.132 535.799 556.208 445.245 448.884 575.480 574.034 563.043 436.386 581.284 514.175 588.013 524.398 578.704 515.446 655.119 544.382 567.289 654.382 476.808 419.136 534.475 415.142 
679.958 635.337 741.127 642.109 619.788 562.374 659.993 515.729 588.959 583.789 420.060 658.201 716.782 529.668 696.661 562.798 669.877 647.344 556.353 584.836 746.350 570.214 738.693 591.466 355.010 684.635 652.300 497.556 548.128 626.146 443.931 567.541 573.401 565.668 518.870 518.249 635.456 584.795 588.206 538.830 631.886 565.256 647.936 606.098 499.242 604.183 495.906 455.844 539.977 397.717 
457.803 388.180 432.713 325.338 432.241 361.929 440.536 326.599 321.599 304.959 275.594 356.246 442.686 306.723 445.514 334.301 423.701 417.243 395.243 317.067 480.752 356.582 391.029 334.946 273.431 385.494 396.020 377.411 294.529 355.471 337.194 308.928 377.475 426.464 364.977 287.731 358.530 390.291 351.679 475.218 395.639 354.931 410.308 310.824 300.679 368.564 379.356 310.674 313.080 263.168 
617.626 559.877 624.917 519.465 571.075 478.712 586.539 390.017 533.120 438.244 374.449 575.799 659.843 508.352 643.341 494.958 565.793 615.819 531.687 462.901 696.886 500.764 619.535 464.206 337.644 589.417 577.628 439.155 519.156 541.770 479.186 501.712 552.184 513.005 496.284 428.688 573.680 510.554 472.127 557.049 593.954 541.542 581.436 473.588 432.302 585.003 479.290 414.538 474.521 327.370 
619.955 579.426 651.138 576.141 640.041 481.936 531.601 432.370 557.781 490.883 429.120 580.399 659.758 501.001 587.878 580.441 644.530 593.849 550.615 555.384 647.779 498.642 627.148 564.328 360.119 641.560 582.643 464.601 523.346 557.876 462.657 528.602 549.828 579.655 511.402 464.635 583.446 540.622 520.315 495.035 639.046 571.610 576.842 531.614 491.590 626.432 451.808 412.082 463.508 372.793 
595.103 532.488 653.090 495.231 639.552 506.756 641.586 476.321 489.260 527.397 461.981 500.890 639.930 456.552 593.076 636.001 653.229 630.304 580.585 514.703 661.259 503.927 586.743 546.860 346.282 527.748 652.636 559.470 515.365 549.578 483.382 450.461 521.529 597.860 521.602 419.285 526.792 562.670 503.123 558.685 611.041 547.092 607.008 521.219 565.978 629.898 441.929 380.093 458.055 470.819 
633.038 539.038 659.332 529.094 559.763 485.097 536.108 431.414 467.734 458.198 377.304 561.747 603.399 458.632 598.122 560.830 508.736 545.645 527.112 437.885 638.397 459.183 591.814 465.203 323.151 599.287 546.996 522.956 591.300 485.361 440.641 426.644 504.271 551.050 487.667 471.086 613.854 522.433 507.227 542.657 547.495 561.319 540.862 477.147 429.423 645.442 443.334 380.604 394.805 382.443 
560.972 502.468 600.725 437.358 464.917 413.349 418.671 405.971 504.474 385.604 397.864 511.849 534.397 457.473 435.385 446.538 573.756 527.482 470.172 409.389 583.743 450.345 590.508 418.893 234.349 535.602 453.451 284.826 457.342 502.072 375.990 358.241 451.485 470.269 461.098 341.571 432.477 468.905 493.871 405.326 542.592 460.185 492.026 333.681 389.258 545.060 427.201 384.553 400.939 311.730 
579.041 556.122 607.211 457.153 492.638 449.507 591.363 431.463 519.255 515.462 354.186 483.042 521.274 406.312 579.383 456.576 571.731 556.486 545.473 459.554 654.718 509.876 574.966 485.115 303.817 494.224 565.576 476.207 477.048 488.175 426.814 446.457 410.105 442.697 432.163 408.504 462.399 478.518 458.155 472.969 552.737 380.740 546.958 483.273 448.435 544.487 356.723 315.630 412.471 348.181 
501.361 467.142 564.457 394.963 399.429 386.436 411.698 360.661 428.659 408.315 271.539 506.637 471.937 322.186 484.367 424.135 506.837 444.815 403.082 395.145 543.613 434.001 582.833 389.812 273.479 485.465 501.798 382.430 428.356 456.290 316.095 351.825 419.268 430.273 416.633 348.422 432.188 442.300 429.172 440.518 497.682 389.412 427.014 320.494 297.341 467.867 368.914 334.438 374.478 323.954 
684.441 547.895 761.466 664.244 695.822 573.641 681.219 543.390 532.033 619.092 415.225 661.004 755.009 490.051 690.280 637.343 699.384 717.868 599.081 624.890 827.873 610.265 770.707 597.567 387.070 739.476 685.392 569.157 609.619 689.868 496.375 593.835 662.506 617.577 575.965 411.911 643.946 591.271 650.904 634.791 667.631 617.193 649.912 515.798 547.611 722.961 591.127 458.107 557.787 508.140 
322.636 389.478 369.772 256.353 288.228 299.690 350.674 242.111 297.626 319.672 196.191 374.681 407.289 252.521 429.027 351.853 385.125 356.560 334.865 245.571 385.582 351.983 330.290 297.249 182.192 359.970 329.093 282.976 334.467 293.400 226.675 273.326 376.882 342.224 309.422 308.623 356.543 317.026 331.221 404.064 375.801 358.581 352.143 247.476 276.377 417.883 292.794 242.317 231.337 255.989 
669.136 525.336 631.789 534.595 593.471 545.720 570.060 485.924 468.570 502.829 411.106 495.658 592.271 410.795 512.605 557.336 504.354 593.826 647.379 491.631 656.726 478.894 544.374 511.745 318.649 639.557 494.092 485.585 535.465 509.093 476.677 478.290 473.133 473.021 393.942 394.956 606.214 502.703 550.812 429.872 564.351 540.074 572.538 534.847 524.626 628.576 410.780 332.196 338.822 406.055 
616.532 537.413 638.340 561.094 557.619 450.713 519.647 487.866 503.656 500.305 383.585 508.441 569.205 550.690 598.499 533.883 561.513 581.204 499.561 474.652 614.997 515.996 568.576 512.110 250.256 587.385 470.914 409.633 556.465 450.516 372.521 404.552 487.311 472.055 509.372 457.931 522.965 497.701 546.966 470.006 474.589 519.922 548.283 450.108 477.366 635.046 439.839 330.355 375.946 381.679 
506.552 511.724 570.657 392.841 454.616 366.332 444.226 396.144 465.934 426.846 358.997 491.861 492.848 403.377 520.133 488.894 576.556 476.879 400.554 383.865 521.027 456.431 557.533 469.984 307.453 427.690 538.248 427.120 422.713 451.545 329.401 326.213 390.848 442.558 436.009 439.565 461.908 520.620 392.063 450.781 555.876 455.208 440.994 370.944 363.568 484.800 332.947 331.318 365.844 356.206 
540.151 526.349 633.554 500.614 484.821 489.222 507.692 455.508 506.581 518.707 392.700 576.982 612.313 417.184 503.285 519.635 593.206 558.537 466.314 398.458 621.672 484.028 572.946 504.549 265.348 610.539 457.218 418.493 553.710 532.021 344.839 443.859 455.557 467.180 439.240 408.587 517.068 518.751 576.992 455.437 567.635 531.933 513.504 399.080 438.042 668.845 440.328 372.601 353.750 400.028 
615.866 570.069 582.512 393.917 479.204 468.477 559.260 425.236 470.183 454.648 383.403 519.987 566.943 367.057 501.611 478.186 598.892 545.845 530.658 400.032 623.508 462.016 572.601 430.444 281.643 528.959 501.330 404.226 448.603 489.270 368.189 359.072 420.546 490.856 451.433 391.603 465.589 543.435 504.096 488.217 549.658 459.574 513.761 414.357 412.021 545.313 409.620 386.676 370.044 366.250 
660.536 594.080 599.940 489.329 591.707 389.952 555.109 398.668 471.555 500.389 353.939 515.020 577.086 439.207 629.666 533.200 641.810 533.521 577.190 526.061 650.146 505.197 578.970 493.882 311.987 575.546 569.535 448.983 508.904 478.615 390.717 407.788 514.882 561.023 563.689 449.441 562.018 518.048 528.289 490.237 545.856 487.054 565.760 535.200 466.502 603.474 396.322 376.341 478.890 451.801 
682.460 607.755 771.860 642.296 671.126 562.544 606.709 588.906 573.370 627.382 461.136 620.125 691.354 516.484 669.474 672.373 754.064 693.690 599.637 592.472 750.124 661.411 703.203 673.360 367.978 682.238 648.363 552.964 611.561 665.691 477.468 523.781 614.040 594.938 575.598 470.009 629.673 634.364 643.114 585.856 684.156 616.061 661.532 501.529 575.357 750.628 533.913 440.218 523.003 518.754 
551.713 491.681 624.040 534.981 477.738 464.528 571.933 447.724 479.337 516.871 318.021 511.768 509.838 412.209 564.457 498.795 532.650 570.083 468.223 458.845 637.883 512.675 631.631 501.867 279.844 526.352 551.673 434.605 454.147 507.861 374.635 469.209 447.180 410.687 379.952 412.277 488.760 452.138 472.620 477.806 526.016 427.145 496.499 458.344 425.345 501.035 372.990 309.006 379.811 322.617 
677.038 550.771 743.471 671.729 690.227 513.806 659.157 508.127 562.301 524.402 431.943 580.843 672.188 627.827 734.775 597.965 631.515 695.813 550.449 531.857 783.721 587.515 678.643 574.494 351.923 634.505 635.911 550.951 621.594 588.993 532.481 546.504 624.363 607.318 602.053 471.772 612.171 535.729 574.605 664.035 591.783 586.424 653.374 521.756 528.894 706.032 560.409 429.059 540.202 411.111 
671.876 516.932 587.926 492.426 603.361 448.475 565.452 458.912 429.750 476.940 387.551 508.137 616.393 411.348 520.316 485.918 588.679 586.572 583.846 551.360 649.548 469.055 636.580 467.856 350.251 583.949 557.857 438.924 400.967 510.611 428.639 402.367 460.563 514.342 440.711 397.739 511.569 569.204 450.959 486.717 571.780 504.410 494.857 452.592 450.989 491.599 436.996 367.641 401.802 359.103 
644.743 516.794 618.479 540.124 611.603 494.649 570.318 420.908 489.216 506.289 347.030 542.175 643.888 448.169 602.318 525.488 586.437 595.768 526.003 468.932 666.299 484.776 563.248 505.736 342.036 633.343 527.352 474.000 510.170 516.875 406.360 484.567 508.849 489.922 502.592 400.444 550.660 538.070 550.204 509.694 530.913 555.475 545.866 472.388 435.237 592.561 473.409 375.103 401.970 452.926 
530.081 541.908 576.784 438.272 504.773 479.376 553.503 456.141 448.255 438.048 381.013 566.548 628.143 386.187 566.699 458.585 550.300 533.289 492.650 453.845 641.530 475.795 586.724 448.206 322.278 589.939 486.564 450.228 472.478 506.551 383.866 459.011 527.864 534.031 447.211 392.067 549.272 481.158 534.270 546.503 572.650 490.418 546.866 429.382 423.847 585.740 488.094 418.144 414.750 325.705 
466.720 455.627 441.654 393.726 405.886 365.481 512.140 332.063 400.925 405.260 248.034 411.975 429.323 323.636 496.845 390.935 421.099 465.122 421.231 371.544 550.796 399.743 462.400 369.199 229.631 456.059 396.030 376.482 430.033 354.639 313.853 405.079 365.347 349.290 357.863 328.770 399.256 347.972 413.207 425.302 401.230 319.393 427.860 400.430 361.781 501.251 311.791 243.936 284.140 239.263 
481.279 450.767 620.373 551.954 455.465 408.255 480.990 389.172 421.404 561.384 300.010 527.649 577.128 373.198 515.567 449.612 545.137 474.552 439.257 459.026 585.077 448.357 555.121 473.286 221.309 570.830 498.798 416.461 524.749 511.285 315.696 433.468 438.950 476.896 415.369 400.470 486.472 440.931 507.024 394.290 481.248 444.154 489.190 445.979 412.483 597.041 378.972 326.952 437.186 396.828 
605.439 531.620 617.429 546.532 618.243 508.762 608.663 507.267 479.045 480.110 427.128 464.275 570.918 463.863 600.385 556.847 586.477 616.828 586.655 524.999 660.124 559.529 559.319 586.521 343.344 546.863 563.701 468.420 425.713 552.875 483.441 510.777 548.549 497.283 420.468 406.397 592.327 482.430 511.054 499.127 596.851 509.938 623.189 565.909 553.544 536.119 425.940 373.876 457.686 374.696 
626.527 584.474 655.453 478.942 588.074 461.857 628.818 440.896 540.201 489.589 392.088 550.249 618.142 525.040 705.941 553.345 631.616 619.886 554.004 472.386 709.692 554.518 618.527 509.292 339.260 553.946 623.208 475.928 518.557 523.205 440.620 469.447 575.813 525.386 564.844 444.264 583.291 507.704 545.033 568.124 595.866 534.025 622.535 515.159 486.838 589.555 459.713 395.672 489.417 466.250 
666.755 544.145 603.236 560.802 613.744 456.003 554.351 398.934 471.776 463.173 361.515 575.706 642.801 455.672 581.187 542.153 531.839 590.859 567.142 507.819 676.409 455.862 624.400 463.954 352.936 659.085 528.049 487.622 557.440 490.429 461.683 483.458 512.079 544.380 472.631 456.824 601.051 532.777 480.583 552.773 581.817 569.835 498.294 472.091 436.137 647.974 455.657 369.161 371.818 320.832 
595.392 430.555 630.113 557.741 546.240 423.087 575.080 459.608 407.096 500.575 325.804 493.712 552.628 440.491 570.904 463.280 503.414 568.223 504.389 526.803 677.210 483.530 658.940 449.683 290.724 553.293 571.858 453.728 467.277 510.037 410.334 432.300 480.321 467.210 433.487 369.472 512.584 453.826 468.364 485.970 492.587 441.951 502.833 452.061 437.887 507.436 428.933 323.106 447.809 360.784 
576.609 536.697 513.788 407.500 537.501 400.768 517.942 359.237 444.309 464.191 340.182 464.859 559.463 331.285 514.581 476.822 617.029 517.693 528.291 455.458 585.732 455.523 498.267 466.643 324.607 505.243 518.685 441.222 425.588 475.284 387.791 392.388 418.895 488.340 461.220 370.252 451.246 532.544 432.547 464.810 548.686 440.028 494.406 430.772 419.639 548.525 367.987 347.398 396.700 381.961 
681.538 638.371 752.076 585.477 543.312 560.087 611.663 557.688 555.653 563.374 415.263 650.846 663.817 504.426 680.364 528.945 605.312 625.183 566.309 465.167 741.863 600.026 685.462 556.858 348.928 659.613 566.863 548.062 612.954 577.713 453.902 483.123 528.425 538.360 484.465 537.977 650.895 600.513 585.575 612.219 638.214 569.133 606.468 477.066 457.242 691.826 512.547 431.449 437.838 378.941 
535.088 537.108 650.871 496.374 467.244 374.419 477.683 509.315 438.570 535.638 364.146 542.859 534.667 428.961 600.946 480.885 615.471 508.849 475.072 459.700 628.664 585.548 612.132 533.475 284.568 530.656 520.085 457.640 521.707 521.282 341.599 364.009 491.529 492.793 468.022 463.337 569.237 510.665 522.626 507.029 588.864 475.094 517.131 388.327 439.728 635.979 414.740 361.361 453.050 412.967 
