50 50
571.346 554.065 568.184 648.299 730.938 718.869 360.450 644.645 636.501 450.645 500.520 606.670 627.929 600.597 490.146 563.565 538.971 645.250 532.562 654.835 633.087 597.770 544.837 486.254 673.134 798.570 485.683 496.764 587.647 614.796 583.699 583.479 606.487 469.194 620.272 540.255 581.033 721.863 570.382 365.263 608.809 558.698 607.924 460.683 541.320 662.460 623.452 588.759 490.054 558.956 
439.834 486.822 539.532 573.944 638.859 591.356 371.863 452.152 529.527 405.384 372.204 502.406 460.363 513.398 358.290 452.116 352.574 529.385 447.360 506.394 580.396 515.833 389.781 523.360 447.821 660.702 358.638 437.793 466.468 472.091 501.502 472.882 556.509 450.285 532.670 579.824 562.353 558.041 463.140 367.755 554.965 479.810 494.251 381.454 438.445 515.522 480.211 530.876 453.123 470.782 
427.357 356.704 401.489 510.520 596.789 540.156 329.444 409.867 459.999 320.782 266.489 415.554 392.658 406.623 279.610 347.971 353.804 466.646 350.484 526.546 437.285 475.726 410.498 389.970 417.483 551.024 355.755 369.731 380.523 446.521 468.724 428.147 434.652 336.028 467.146 452.710 517.105 421.528 408.153 307.192 437.548 409.147 460.424 373.265 300.182 510.934 440.634 346.913 334.327 388.837 
409.653 518.561 455.021 453.012 582.561 591.028 335.141 488.083 536.230 376.915 308.927 496.493 463.482 534.638 378.094 488.416 398.549 484.049 368.702 511.713 572.762 492.404 360.853 447.530 404.507 502.325 333.333 367.773 513.243 496.854 428.234 388.014 538.590 322.423 454.325 504.927 370.860 513.575 424.942 299.645 433.663 496.154 511.540 432.065 385.569 480.936 385.648 537.273 351.656 462.964 
578.201 507.405 517.193 607.872 708.708 681.410 397.536 587.223 563.500 407.063 508.133 600.925 556.110 506.106 393.301 443.040 493.838 633.811 549.064 642.155 655.503 543.505 412.963 496.062 609.951 716.499 501.245 512.415 468.174 596.654 603.112 600.462 615.813 450.230 590.718 547.384 540.829 641.802 526.453 457.243 493.800 485.810 538.540 409.200 470.786 664.540 665.094 558.822 431.157 607.801 
653.272 683.267 649.022 671.359 852.458 813.820 476.125 710.395 724.456 508.319 522.212 724.186 677.762 702.214 559.105 620.649 611.370 769.424 601.967 748.252 783.018 687.838 590.781 594.650 700.933 797.235 527.508 545.307 663.370 715.197 680.407 662.063 766.900 504.587 666.615 685.791 602.343 755.498 641.866 465.568 671.633 657.482 727.565 533.255 564.943 724.984 704.634 704.247 535.208 642.796 
386.940 421.387 379.879 457.084 507.567 492.339 323.626 491.638 455.039 288.556 336.765 514.407 463.152 439.592 430.005 435.883 419.810 467.732 427.360 482.640 474.364 450.514 433.244 389.261 520.997 523.495 348.013 308.183 483.411 485.737 436.834 504.721 430.494 329.226 456.138 407.266 386.941 465.278 469.722 291.282 416.504 439.324 500.828 345.829 402.482 430.913 453.107 384.465 343.814 438.656 
521.797 579.548 541.046 624.167 685.515 699.754 401.587 573.680 568.547 453.911 384.163 594.976 537.434 551.269 452.012 509.330 494.923 566.588 513.625 642.293 610.208 498.963 422.623 517.600 556.504 707.893 420.945 492.623 480.826 602.381 557.377 576.831 632.939 449.210 553.948 570.940 535.786 593.125 612.841 390.931 516.844 496.330 524.563 474.117 488.275 626.128 601.482 481.630 418.602 534.422 
467.999 486.485 519.361 530.818 565.907 536.705 398.287 563.067 533.485 346.290 402.537 532.114 476.350 513.969 508.910 475.953 430.770 586.697 449.294 587.401 607.168 535.152 428.978 448.564 535.593 530.072 378.956 385.076 588.207 518.326 468.317 576.320 520.606 418.494 490.681 512.825 457.252 572.668 469.663 395.079 537.882 454.899 580.585 393.070 415.459 473.429 529.389 521.497 439.351 469.431 
417.009 459.140 494.455 492.694 577.167 583.638 348.009 472.254 516.332 381.083 385.842 450.132 501.792 489.603 398.182 540.732 446.760 518.465 448.048 536.115 558.633 477.623 363.611 407.448 501.198 622.434 356.804 452.293 496.640 493.494 476.759 485.981 509.844 435.629 522.685 472.906 398.791 604.747 464.876 346.320 473.344 450.691 504.896 368.164 448.066 568.123 474.629 517.006 392.595 443.023 
488.972 521.891 523.174 556.080 676.659 685.662 347.677 508.478 556.548 445.898 402.942 515.020 516.964 534.582 385.017 512.136 474.606 553.166 483.987 537.083 589.921 528.415 400.277 443.828 536.057 717.805 405.832 471.479 457.308 581.209 554.484 471.322 582.333 424.052 601.188 542.438 460.071 648.725 530.984 364.958 474.590 524.398 515.734 414.635 486.522 629.143 530.459 571.961 398.150 500.778 
479.218 535.998 496.830 574.542 636.487 646.170 400.050 465.849 488.956 456.761 407.676 566.332 456.618 529.931 385.772 416.618 402.458 464.493 477.555 587.298 613.297 468.202 401.165 521.673 553.444 656.088 335.364 478.997 397.610 527.560 563.833 530.548 536.376 482.929 526.167 558.051 494.000 562.357 534.866 336.571 516.134 492.382 513.469 367.034 454.178 539.393 546.410 507.333 404.758 563.892 
378.729 371.684 419.628 440.094 516.842 437.078 320.602 436.259 444.719 276.799 348.699 402.571 380.686 393.618 285.932 360.202 330.890 470.721 443.644 400.119 451.139 429.424 316.102 387.400 399.039 491.664 360.541 340.343 395.358 417.513 419.376 443.951 450.691 300.801 452.605 448.757 395.237 432.252 410.140 313.817 384.630 383.632 424.332 309.292 384.199 404.751 415.183 415.616 286.231 391.313 
511.372 525.668 564.551 605.202 682.985 597.082 393.808 584.264 565.155 404.937 381.271 551.909 553.122 512.609 433.191 472.018 476.997 630.602 524.274 588.564 603.101 560.944 469.361 495.091 521.746 639.036 450.492 474.545 520.067 596.993 525.762 602.688 657.008 399.300 566.270 550.657 536.122 573.765 564.504 446.075 521.491 516.876 528.831 421.053 470.921 593.039 612.539 512.343 452.135 508.717 
573.014 603.472 655.914 731.962 770.069 811.227 449.657 699.761 575.154 517.614 497.595 586.148 646.971 643.327 548.138 578.029 524.206 636.016 513.895 704.370 667.320 612.083 566.678 560.925 743.200 761.301 448.424 542.469 604.256 655.128 639.537 647.573 623.301 529.959 674.269 637.346 589.924 712.122 618.515 453.104 619.893 592.536 668.372 453.402 545.004 627.503 644.700 573.624 525.892 635.911 
400.156 463.501 417.573 460.026 551.768 487.455 319.587 484.269 463.296 322.332 343.969 510.212 350.090 493.121 331.122 389.848 386.471 487.987 360.090 512.818 477.048 412.399 393.231 394.690 352.215 590.387 352.349 399.658 377.555 400.557 408.681 468.818 502.882 384.212 486.567 513.831 455.936 501.559 469.802 358.284 452.150 433.492 419.596 398.540 329.586 482.257 487.088 422.415 364.913 384.323 
539.686 552.302 610.694 680.350 710.219 686.603 362.071 643.236 595.314 440.992 419.207 507.613 576.374 520.248 442.333 410.000 473.743 660.650 499.189 548.385 665.855 609.735 421.342 519.928 536.484 619.105 484.146 446.289 554.958 653.438 541.763 578.547 698.420 361.662 552.267 576.843 570.328 632.571 539.622 460.434 522.881 480.528 540.443 436.677 509.388 562.788 626.669 595.026 477.880 587.272 
540.778 464.023 463.961 543.575 657.454 651.728 340.123 532.598 562.518 343.768 409.157 552.052 547.542 529.256 439.169 525.142 457.855 608.154 429.399 633.675 589.387 564.371 452.506 417.263 574.192 651.747 449.619 387.931 564.927 570.961 530.273 490.355 550.917 395.175 523.209 480.960 548.105 607.322 428.126 368.311 515.360 491.951 568.258 420.766 398.914 647.066 550.884 528.150 466.748 506.286 
393.799 412.919 414.559 462.820 541.341 556.214 279.882 397.611 504.338 359.917 335.956 442.866 472.120 377.670 284.987 350.477 392.827 483.378 364.190 465.756 541.444 475.337 336.984 428.431 415.160 590.064 350.787 409.856 381.083 427.255 440.879 410.164 491.269 347.659 415.283 393.408 437.689 541.192 386.948 312.095 450.563 349.681 393.684 329.299 381.255 507.498 465.746 469.223 358.600 428.955 
470.166 561.776 500.933 539.466 662.671 612.164 418.664 513.702 561.063 417.417 402.996 567.585 449.564 563.361 411.947 439.981 443.231 556.133 488.100 575.465 620.937 533.316 415.431 522.638 491.697 584.996 389.621 429.996 485.277 535.315 529.348 570.549 615.563 434.506 510.785 605.289 507.607 554.977 575.083 384.355 534.938 490.845 557.322 410.506 454.169 514.570 561.660 532.220 402.224 528.735 
541.014 564.715 542.513 629.489 704.494 731.632 400.434 577.502 667.843 464.343 418.886 551.218 585.565 535.136 406.706 457.093 502.971 581.940 530.021 604.834 711.995 647.046 424.802 547.134 586.575 642.620 462.990 461.042 558.918 666.077 600.186 549.369 620.454 360.622 536.803 525.680 507.260 642.906 543.137 336.162 516.605 501.601 592.728 461.908 540.189 593.429 553.257 620.404 376.347 624.438 
585.251 590.298 624.587 652.201 748.345 753.486 429.133 631.739 624.297 468.334 459.951 616.319 520.117 613.386 498.514 563.329 506.221 683.377 519.849 648.366 658.110 589.067 440.805 505.632 583.475 798.032 473.030 505.968 545.790 624.214 603.450 560.675 646.383 499.861 682.436 672.286 574.884 720.230 590.974 482.464 569.340 558.075 595.415 517.313 489.506 672.323 622.907 615.472 471.595 511.504 
526.335 520.752 496.741 518.656 649.977 640.833 410.763 555.564 511.228 336.828 445.216 539.814 450.673 569.565 387.989 477.659 437.449 608.707 410.483 643.544 636.507 503.999 403.103 455.883 487.380 617.826 426.515 441.546 477.733 516.635 554.878 537.929 600.091 429.868 519.171 585.026 516.155 593.198 433.276 442.563 507.651 458.372 546.479 407.759 361.271 603.044 580.787 544.057 441.970 525.123 
512.698 515.215 616.234 612.137 651.183 639.357 441.923 571.815 521.269 433.786 423.788 493.998 497.557 530.767 433.283 492.565 404.268 558.966 530.162 580.270 595.112 502.124 407.122 509.143 586.658 644.507 379.614 490.754 490.079 544.541 566.027 547.818 540.400 448.885 578.282 587.990 476.766 573.479 517.975 377.576 530.623 493.195 563.834 400.130 485.216 513.590 515.180 518.317 380.230 494.083 
401.297 409.025 362.208 465.661 576.637 566.049 301.745 467.815 420.008 268.864 329.753 506.603 457.886 429.514 327.214 367.950 392.201 504.701 342.682 474.610 495.704 397.597 392.675 424.813 425.631 554.085 363.840 322.881 400.308 433.503 460.526 431.065 494.286 331.486 421.164 470.526 463.696 425.996 365.508 345.434 410.938 405.357 460.792 359.744 309.615 477.662 462.494 380.178 395.759 470.079 
480.906 531.447 485.499 530.694 668.500 630.087 385.261 522.386 561.313 384.184 473.663 570.545 476.682 611.170 349.152 564.505 406.694 538.793 461.432 623.022 578.870 512.015 401.642 500.537 485.484 706.809 432.633 478.432 498.192 468.835 510.313 505.721 574.749 474.668 574.594 592.785 556.582 614.477 509.159 382.968 527.590 518.909 515.790 428.713 441.011 614.458 520.839 546.960 428.016 526.089 
650.448 617.911 558.614 683.561 734.874 783.152 438.304 636.307 701.770 466.786 518.606 721.707 586.382 591.270 491.581 501.585 489.351 673.550 540.359 746.141 782.243 704.305 404.725 599.724 640.864 742.134 552.398 486.544 613.343 692.087 618.893 612.746 675.472 454.584 606.596 596.156 655.007 742.050 574.465 491.415 562.246 518.888 588.286 516.608 512.089 703.616 692.610 675.006 487.333 689.802 
502.567 504.928 500.749 519.176 636.388 676.766 404.233 540.597 543.030 353.870 392.260 508.950 544.876 449.370 309.581 414.065 450.479 592.385 443.047 569.715 601.829 532.198 427.617 521.116 523.825 665.866 439.885 458.670 397.519 509.333 589.046 510.119 586.177 322.837 478.335 486.559 499.029 548.151 452.288 381.103 484.374 379.719 468.875 379.152 422.435 556.349 548.313 455.815 327.395 486.291 
515.366 601.047 593.890 601.494 736.369 713.955 441.570 527.645 565.044 499.533 471.243 556.160 558.399 635.289 435.795 550.817 480.175 585.268 503.359 671.920 699.080 542.648 465.528 555.704 587.055 692.551 379.241 559.453 518.575 560.790 600.477 598.172 667.382 560.186 565.532 635.878 544.468 665.939 561.979 407.447 629.057 549.045 608.481 389.449 500.646 638.321 613.547 615.469 513.819 598.803 
392.453 412.305 468.955 501.081 617.840 553.550 362.347 479.415 415.945 334.930 333.355 397.753 470.804 477.330 355.040 471.045 439.715 500.329 436.818 494.755 488.715 406.415 427.650 383.850 480.106 549.416 331.600 420.400 433.714 491.195 504.209 508.172 504.421 402.211 517.123 511.926 389.512 464.008 451.471 342.204 432.027 483.090 539.627 336.784 390.509 516.654 461.707 412.640 381.968 451.048 
495.960 556.111 545.648 601.960 669.375 661.857 422.837 535.292 508.637 413.354 415.979 553.540 481.571 560.105 385.867 474.771 467.370 558.796 473.805 630.859 615.113 461.517 467.104 516.702 519.306 756.150 384.990 524.722 399.644 518.247 597.993 599.582 610.172 502.380 551.585 594.911 568.007 599.762 550.310 395.282 575.906 465.682 510.257 403.418 450.392 610.609 613.270 473.848 452.283 511.644 
531.782 572.639 514.551 562.996 650.100 729.209 358.733 479.104 576.903 493.115 486.905 591.042 539.197 547.900 430.742 493.250 434.782 545.968 471.582 626.073 664.589 567.665 352.392 518.752 615.919 715.556 409.937 485.777 478.959 560.623 551.437 504.435 600.768 494.816 534.553 524.684 541.480 716.831 545.577 391.570 546.869 456.026 492.228 372.180 503.293 636.264 613.855 613.323 455.935 578.923 
428.233 438.152 390.995 399.887 549.549 524.883 326.485 450.635 492.769 289.763 387.831 466.691 463.686 433.529 288.181 426.704 431.831 530.085 411.447 533.452 566.967 444.554 313.582 394.569 405.296 530.068 401.951 415.649 412.900 453.473 455.990 473.516 553.998 334.087 415.283 422.125 384.592 521.815 391.096 364.716 396.786 370.952 428.893 337.696 361.681 564.658 509.598 483.411 339.739 465.940 
325.955 359.706 314.617 354.076 442.910 460.442 261.084 359.835 404.036 274.535 249.305 334.493 315.209 341.329 209.786 264.897 323.007 377.730 266.356 394.392 433.808 419.906 264.810 321.906 299.304 392.714 302.319 300.397 303.734 390.117 369.067 341.379 406.529 214.214 354.533 352.167 314.294 410.534 342.338 274.952 292.348 299.752 339.657 296.355 276.123 393.095 367.453 378.610 219.402 366.278 
548.350 613.673 601.907 675.749 693.281 784.478 415.731 619.471 554.680 474.236 472.680 592.433 516.734 639.943 491.546 554.544 440.726 580.726 447.220 655.780 633.784 571.796 455.210 541.376 624.491 795.154 427.806 480.818 519.440 592.121 598.972 558.296 601.649 508.730 640.776 643.777 626.287 715.565 588.633 440.816 583.693 517.197 552.372 456.742 500.582 614.310 608.774 562.023 494.433 565.927 
684.237 719.330 728.903 780.984 901.420 869.458 558.750 734.355 671.146 546.085 514.336 730.247 655.289 709.435 488.295 599.036 596.196 748.273 638.840 802.713 813.207 644.332 599.542 672.599 680.949 919.881 529.662 674.221 537.848 739.626 784.098 734.462 808.858 567.335 755.738 773.304 673.896 743.667 687.646 539.945 668.016 673.983 680.370 548.178 571.784 791.955 765.033 657.596 540.589 694.127 
532.009 565.212 467.468 520.180 699.447 660.924 388.457 588.077 523.993 375.701 455.029 631.668 461.467 606.830 380.111 446.170 497.697 588.961 444.352 618.845 648.231 469.058 477.652 463.367 498.691 683.185 420.155 463.645 428.184 542.835 583.994 527.799 609.268 429.434 562.395 608.869 464.193 593.750 480.176 389.358 496.245 557.296 571.562 447.829 386.201 605.592 582.340 570.931 422.387 567.790 
380.971 417.619 354.907 364.491 484.346 456.606 250.404 416.634 407.034 266.753 287.006 450.946 296.165 433.614 321.150 316.909 348.377 461.521 297.540 403.035 464.910 348.089 300.539 308.305 301.401 465.732 295.463 277.541 344.151 397.241 370.619 337.883 464.467 285.937 381.109 453.579 339.388 439.931 339.683 289.731 368.377 380.975 399.890 356.622 266.159 412.266 405.315 439.994 322.528 340.676 
501.975 498.240 513.605 605.658 611.033 612.705 357.537 555.208 504.805 385.584 378.756 500.253 507.439 470.574 422.621 426.291 475.594 573.210 444.753 643.324 607.233 457.781 370.095 442.086 491.793 612.252 417.428 484.535 461.070 560.762 497.481 601.390 617.335 432.477 469.494 488.599 526.091 576.936 510.360 431.213 490.776 387.272 466.510 410.761 412.980 620.576 639.401 452.655 457.985 519.432 
496.072 468.078 542.904 590.393 725.037 615.584 358.928 555.093 512.332 403.799 425.313 518.963 578.505 513.274 414.893 478.854 484.264 643.723 491.570 575.833 561.509 518.042 500.692 457.351 558.005 669.212 437.453 491.332 501.561 539.791 529.081 577.963 630.085 467.547 583.797 559.667 547.549 583.217 517.951 456.176 546.301 531.891 554.722 371.597 437.928 620.360 619.336 502.935 512.160 509.110 
563.176 559.942 458.604 547.313 711.500 721.622 393.395 564.826 588.697 359.847 448.474 652.700 566.381 577.142 372.498 515.742 491.472 617.174 460.397 679.613 682.560 531.629 443.217 526.794 532.360 719.293 478.973 460.592 496.212 571.052 599.219 523.447 647.227 409.172 518.262 555.424 563.002 601.883 455.929 396.523 513.520 505.946 551.171 465.007 412.160 689.453 593.701 555.390 450.323 604.853 
484.827 401.258 407.332 482.652 575.350 558.475 320.751 439.739 525.101 314.498 353.651 478.852 446.580 388.225 301.741 343.543 388.504 547.808 400.557 523.751 538.691 571.166 367.021 405.457 465.278 577.141 438.596 364.824 412.763 513.415 494.411 457.485 508.761 295.212 472.924 409.566 508.869 539.749 411.588 376.758 421.295 376.290 427.438 345.122 360.053 559.409 534.142 469.147 344.709 447.645 
386.019 383.732 416.537 510.896 585.584 480.121 300.581 450.450 514.293 339.410 399.293 493.759 435.311 459.048 337.572 408.469 363.441 493.150 412.233 505.830 490.286 458.849 375.732 436.737 416.079 576.946 375.359 403.927 488.165 376.512 383.392 473.055 454.775 441.431 479.811 488.760 512.218 508.077 430.370 333.227 505.138 440.329 481.045 379.842 376.282 476.217 452.346 458.735 420.961 446.673 
453.231 504.483 504.456 571.977 610.674 580.152 349.815 542.401 468.159 380.389 413.980 503.722 453.740 514.756 382.089 438.170 441.927 531.703 458.999 541.782 557.869 453.913 401.570 434.521 478.158 662.106 399.468 465.360 415.262 527.712 504.708 569.219 583.332 437.236 559.359 540.819 495.259 590.747 537.280 420.203 467.506 463.001 457.749 372.191 444.685 566.247 591.651 484.577 435.257 508.955 
537.475 559.512 507.152 532.290 610.598 648.097 395.513 601.062 487.027 380.713 387.440 609.994 496.965 540.197 455.349 498.145 452.487 552.164 464.743 612.576 556.987 488.672 466.757 447.579 590.946 676.813 406.752 430.498 435.944 585.263 556.282 522.768 556.055 363.659 575.208 516.839 443.458 571.381 540.692 389.807 443.488 516.916 498.251 420.307 425.407 571.642 566.989 461.157 360.138 481.204 
671.692 620.604 633.168 684.773 771.951 770.082 412.345 657.943 663.975 508.178 493.692 623.253 589.133 626.315 490.323 539.230 507.664 664.101 583.121 722.190 696.705 615.439 456.435 517.998 671.223 754.528 506.078 529.947 564.597 699.135 626.542 578.732 687.399 448.974 617.325 599.977 592.423 715.601 603.193 396.121 584.552 563.349 602.990 502.029 544.641 706.136 666.962 641.105 449.101 595.125 
417.446 424.078 458.567 562.638 590.114 540.875 307.770 500.560 508.655 344.565 303.434 421.886 407.069 462.642 345.881 379.530 377.294 507.739 353.897 516.664 463.703 511.362 402.609 406.746 392.235 557.728 392.325 367.704 461.502 471.004 415.009 478.033 508.187 341.925 482.635 490.815 555.575 500.368 478.851 354.857 472.928 405.081 449.771 414.833 363.073 488.979 484.035 402.468 389.318 405.111 
526.475 432.679 542.207 557.270 602.007 566.260 353.888 567.261 501.637 352.007 377.136 506.718 487.880 447.714 446.935 428.889 405.175 599.635 468.667 539.019 544.518 493.463 408.616 403.833 548.241 600.122 403.794 401.753 494.271 540.452 495.846 479.940 500.459 360.417 539.239 489.322 448.319 544.280 419.645 383.393 469.604 469.075 523.277 402.267 394.455 517.645 510.916 492.166 390.566 422.770 
627.938 624.631 599.758 677.261 804.019 789.752 510.125 685.737 619.292 460.273 515.948 675.270 619.482 657.084 488.563 578.449 563.493 669.482 591.678 773.477 728.178 588.948 552.423 584.871 703.200 770.868 496.903 562.942 565.567 670.343 704.985 689.924 674.274 513.233 646.957 660.370 583.243 660.777 614.773 443.925 600.106 600.759 690.832 492.563 520.569 699.830 680.014 578.155 468.183 668.534 
519.483 495.106 468.190 576.386 680.257 662.955 381.011 614.372 561.417 317.946 493.260 585.679 534.178 546.376 403.906 479.002 493.506 641.921 462.874 617.420 642.306 533.076 435.397 483.044 536.326 678.454 498.812 425.320 538.758 544.474 560.843 582.255 595.188 422.251 546.988 564.260 559.120 614.555 459.366 444.039 505.520 466.774 573.206 440.142 422.002 611.790 601.094 540.169 465.206 592.183 
